1.026080539034498057e-01
8.977041503008790710e-03
1.021188207215024679e-01
1.344419779866531071e-02
8.228992349402626527e-02
1.083367395426428070e-02
8.246646402115676011e-02
9.395866742736257160e-03
8.047932030980359253e-02
9.169460315200442940e-03
7.876196355221180834e-02
1.890907447232833410e-02
8.070670339300715923e-02
1.937596520004014611e-02
8.103256859095449294e-02
1.796448795686254180e-02
1.005584887333531297e-01
2.229328023562459141e-02
9.949036010777402572e-02
2.665836164555963547e-02
9.823284592706736651e-02
3.097269734894013415e-02
7.915850691210284118e-02
2.495858135885466872e-02
7.958203799406000922e-02
2.357327361042557690e-02
7.766439852432362179e-02
2.300524292101772603e-02
7.428186602519505632e-02
3.229867458294494176e-02
7.611598617396529709e-02
3.309617272079543038e-02
7.668200119843680829e-02
3.176272488630245416e-02
9.515959184866253084e-02
3.941639353360424508e-02
9.334970206477494203e-02
4.352968095929204279e-02
9.136211581735682874e-02
4.756010716320849263e-02
7.362189915379240002e-02
3.832513489850781357e-02
7.427955201296808363e-02
3.703441848811413195e-02
7.248968328976403142e-02
3.614202286189450997e-02
6.754475158744062402e-02
4.470689581027671028e-02
6.921252323157495168e-02
4.581076978090083129e-02
7.000149000246952413e-02
4.459586749278639239e-02
8.686931891872722022e-02
5.534185965972286680e-02
8.437266056176614959e-02
5.907837294415774210e-02
8.171539404999721146e-02
6.270242718789821590e-02
6.584832724417252758e-02
5.052719860772381111e-02
6.672011943122903299e-02
4.937029130036130892e-02
6.511240570999461685e-02
4.818064572685863689e-02
5.875532405199530850e-02
5.575672063119407190e-02
6.020607279401988393e-02
5.713342978258157540e-02
6.119401895524029245e-02
5.607398723209978258e-02
7.593956569144277857e-02
6.958579138441299550e-02
7.283199846221441454e-02
7.283199846221440066e-02
6.958579138441302325e-02
7.593956569144277857e-02
5.607398723209981034e-02
6.119401895524029245e-02
5.713342978258159621e-02
6.020607279401985618e-02
5.575672063119408578e-02
5.875532405199528074e-02
4.818064572685865077e-02
6.511240570999460298e-02
4.937029130036134361e-02
6.672011943122903299e-02
5.052719860772383886e-02
6.584832724417249983e-02
6.270242718789822978e-02
8.171539404999721146e-02
5.907837294415775597e-02
8.437266056176612183e-02
5.534185965972285293e-02
8.686931891872720635e-02
4.459586749278638546e-02
7.000149000246951025e-02
4.581076978090083823e-02
6.921252323157493780e-02
4.470689581027671722e-02
6.754475158744062402e-02
3.614202286189452384e-02
7.248968328976403142e-02
3.703441848811415277e-02
7.427955201296809751e-02
3.832513489850780664e-02
7.362189915379240002e-02
4.756010716320847875e-02
9.136211581735681486e-02
4.352968095929205666e-02
9.334970206477492816e-02
3.941639353360425896e-02
9.515959184866254472e-02
3.176272488630246110e-02
7.668200119843682216e-02
3.309617272079543732e-02
7.611598617396529709e-02
3.229867458294494870e-02
7.428186602519505632e-02
2.300524292101774337e-02
7.766439852432363566e-02
2.357327361042559077e-02
7.958203799406002310e-02
2.495858135885467566e-02
7.915850691210281342e-02
3.097269734894013762e-02
9.823284592706733875e-02
2.665836164555965976e-02
9.949036010777402572e-02
2.229328023562460181e-02
1.005584887333531435e-01
1.796448795686254526e-02
8.103256859095449294e-02
1.937596520004015305e-02
8.070670339300715923e-02
1.890907447232834104e-02
7.876196355221180834e-02
9.169460315200453349e-03
8.047932030980360640e-02
9.395866742736265834e-03
8.246646402115676011e-02
1.083367395426429285e-02
8.228992349402626527e-02
1.344419779866532806e-02
1.021188207215024818e-01
8.977041503008809792e-03
1.026080539034498057e-01
4.492796898629609383e-03
1.029019668229313594e-01
3.620409151322889329e-03
8.292100239129419903e-02
5.067028781393123280e-03
8.284518826901496324e-02
4.944931702323409999e-03
8.084891867217122718e-02
-4.944931702323399590e-03
8.084891867217122718e-02
-5.067028781393112871e-03
8.284518826901496324e-02
-3.620409151322878921e-03
8.292100239129419903e-02
-4.492796898629597240e-03
1.029019668229313594e-01
-8.977041503008776832e-03
1.026080539034498057e-01
-1.344419779866531418e-02
1.021188207215024679e-01
-1.083367395426428417e-02
8.228992349402626527e-02
-9.395866742736257160e-03
8.246646402115676011e-02
-9.169460315200442940e-03
8.047932030980359253e-02
-1.890907447232833410e-02
7.876196355221180834e-02
-1.937596520004014611e-02
8.070670339300718699e-02
-1.796448795686253139e-02
8.103256859095447906e-02
-2.229328023562458794e-02
1.005584887333531297e-01
-2.665836164555962159e-02
9.949036010777402572e-02
-3.097269734894013415e-02
9.823284592706736651e-02
-2.495858135885467566e-02
7.915850691210284118e-02
-2.357327361042557690e-02
7.958203799406000922e-02
-2.300524292101773643e-02
7.766439852432363566e-02
-3.229867458294494176e-02
7.428186602519505632e-02
-3.309617272079543038e-02
7.611598617396529709e-02
-3.176272488630244722e-02
7.668200119843680829e-02
-3.941639353360423814e-02
9.515959184866253084e-02
-4.352968095929203585e-02
9.334970206477495591e-02
-4.756010716320848569e-02
9.136211581735685650e-02
-3.832513489850780664e-02
7.362189915379241389e-02
-3.703441848811413195e-02
7.427955201296808363e-02
-3.614202286189451691e-02
7.248968328976403142e-02
-4.470689581027671028e-02
6.754475158744062402e-02
-4.581076978090083129e-02
6.921252323157496555e-02
-4.459586749278638546e-02
7.000149000246951025e-02
-5.534185965972285293e-02
8.686931891872720635e-02
-5.907837294415772822e-02
8.437266056176619122e-02
-6.270242718789818814e-02
8.171539404999722533e-02
-5.052719860772379029e-02
6.584832724417254146e-02
-4.937029130036131586e-02
6.672011943122906075e-02
-4.818064572685863689e-02
6.511240570999461685e-02
-5.575672063119405802e-02
5.875532405199531544e-02
-5.713342978258156846e-02
6.020607279401989781e-02
-5.607398723209978258e-02
6.119401895524029245e-02
-6.958579138441299550e-02
7.593956569144277857e-02
-7.283199846221440066e-02
7.283199846221440066e-02
-7.593956569144277857e-02
6.958579138441302325e-02
-6.119401895524029245e-02
5.607398723209981034e-02
-6.020607279401988393e-02
5.713342978258157540e-02
-5.875532405199530850e-02
5.575672063119407190e-02
-6.511240570999461685e-02
4.818064572685864383e-02
-6.672011943122904687e-02
4.937029130036132973e-02
-6.584832724417249983e-02
5.052719860772383886e-02
-8.171539404999718370e-02
6.270242718789824365e-02
-8.437266056176614959e-02
5.907837294415778373e-02
-8.686931891872720635e-02
5.534185965972288068e-02
-7.000149000246949638e-02
4.459586749278640627e-02
-6.921252323157493780e-02
4.581076978090083129e-02
-6.754475158744062402e-02
4.470689581027671722e-02
-7.248968328976403142e-02
3.614202286189453078e-02
-7.427955201296809751e-02
3.703441848811415277e-02
-7.362189915379238614e-02
3.832513489850784827e-02
-9.136211581735681486e-02
4.756010716320853426e-02
-9.334970206477494203e-02
4.352968095929204279e-02
-9.515959184866254472e-02
3.941639353360425896e-02
-7.668200119843682216e-02
3.176272488630246110e-02
-7.611598617396528321e-02
3.309617272079542344e-02
-7.428186602519505632e-02
3.229867458294493482e-02
-7.766439852432362179e-02
2.300524292101772603e-02
-7.958203799406000922e-02
2.357327361042557343e-02
-7.915850691210285506e-02
2.495858135885465484e-02
-9.823284592706739426e-02
3.097269734894010987e-02
-9.949036010777402572e-02
2.665836164555966670e-02
-1.005584887333531019e-01
2.229328023562462263e-02
-8.103256859095446518e-02
1.796448795686256608e-02
-8.070670339300715923e-02
1.937596520004015652e-02
-7.876196355221180834e-02
1.890907447232834798e-02
-8.047932030980360640e-02
9.169460315200460288e-03
-8.246646402115676011e-02
9.395866742736272773e-03
-8.228992349402626527e-02
1.083367395426427897e-02
-1.021188207215024679e-01
1.344419779866530898e-02
-1.026080539034498057e-01
8.977041503008841017e-03
-1.029019668229313178e-01
4.492796898629660557e-03
-8.292100239129419903e-02
3.620409151322931396e-03
-8.284518826901496324e-02
5.067028781393147566e-03
-8.084891867217122718e-02
4.944931702323432550e-03
-8.084891867217122718e-02
-4.944931702323360559e-03
-8.284518826901496324e-02
-5.067028781393073840e-03
-8.292100239129419903e-02
-3.620409151322857670e-03
-1.029019668229313594e-01
-4.492796898629570351e-03
-1.026080539034498057e-01
-8.977041503008749077e-03
-1.021188207215024957e-01
-1.344419779866526388e-02
-8.228992349402629303e-02
-1.083367395426424427e-02
-8.246646402115677399e-02
-9.395866742736234609e-03
-8.047932030980359253e-02
-9.169460315200422124e-03
-7.876196355221180834e-02
-1.890907447232834798e-02
-8.070670339300718699e-02
-1.937596520004012529e-02
-8.103256859095447906e-02
-1.796448795686248975e-02
-1.005584887333531435e-01
-2.229328023562453590e-02
-9.949036010777403960e-02
-2.665836164555957302e-02
-9.823284592706739426e-02
-3.097269734894006130e-02
-7.915850691210286894e-02
-2.495858135885462015e-02
-7.958203799406003698e-02
-2.357327361042553873e-02
-7.766439852432366342e-02
-2.300524292101769827e-02
-7.428186602519504245e-02
-3.229867458294492788e-02
-7.611598617396529709e-02
-3.309617272079542344e-02
-7.668200119843683604e-02
-3.176272488630239171e-02
-9.515959184866257248e-02
-3.941639353360417569e-02
-9.334970206477496979e-02
-4.352968095929200809e-02
-9.136211581735687037e-02
-4.756010716320845794e-02
-7.362189915379242777e-02
-3.832513489850778582e-02
-7.427955201296808363e-02
-3.703441848811414583e-02
-7.248968328976403142e-02
-3.614202286189449609e-02
-6.754475158744062402e-02
-4.470689581027671722e-02
-6.921252323157495168e-02
-4.581076978090083823e-02
-7.000149000246952413e-02
-4.459586749278637852e-02
-8.686931891872719247e-02
-5.534185965972287374e-02
-8.437266056176619122e-02
-5.907837294415770046e-02
-8.171539404999721146e-02
-6.270242718789818814e-02
-6.584832724417252758e-02
-5.052719860772379723e-02
-6.672011943122906075e-02
-4.937029130036130198e-02
-6.511240570999461685e-02
-4.818064572685864383e-02
-5.875532405199532932e-02
-5.575672063119404415e-02
-6.020607279401990475e-02
-5.713342978258154764e-02
-6.119401895524028551e-02
-5.607398723209980340e-02
-7.593956569144279245e-02
-6.958579138441298162e-02
-7.283199846221440066e-02
-7.283199846221440066e-02
-6.958579138441302325e-02
-7.593956569144273694e-02
-5.607398723209982422e-02
-6.119401895524027163e-02
-5.713342978258159621e-02
-6.020607279401987005e-02
-5.575672063119407884e-02
-5.875532405199528074e-02
-4.818064572685867852e-02
-6.511240570999456134e-02
-4.937029130036136443e-02
-6.672011943122900524e-02
-5.052719860772384580e-02
-6.584832724417249983e-02
-6.270242718789821590e-02
-8.171539404999721146e-02
-5.907837294415777679e-02
-8.437266056176610796e-02
-5.534185965972290844e-02
-8.686931891872720635e-02
-4.459586749278642015e-02
-7.000149000246949638e-02
-4.581076978090085905e-02
-6.921252323157495168e-02
-4.470689581027671722e-02
-6.754475158744063790e-02
-3.614202286189457936e-02
-7.248968328976400366e-02
-3.703441848811420134e-02
-7.427955201296805587e-02
-3.832513489850786909e-02
-7.362189915379237226e-02
-4.756010716320852733e-02
-9.136211581735682874e-02
-4.352968095929210524e-02
-9.334970206477490040e-02
-3.941639353360430059e-02
-9.515959184866250309e-02
-3.176272488630250274e-02
-7.668200119843678053e-02
-3.309617272079546507e-02
-7.611598617396526933e-02
-3.229867458294496951e-02
-7.428186602519501469e-02
-2.300524292101780235e-02
-7.766439852432362179e-02
-2.357327361042564975e-02
-7.958203799406000922e-02
-2.495858135885473117e-02
-7.915850691210284118e-02
-3.097269734894020354e-02
-9.823284592706735263e-02
-2.665836164555970833e-02
-9.949036010777401184e-02
-2.229328023562467120e-02
-1.005584887333530880e-01
-1.796448795686260425e-02
-8.103256859095445130e-02
-1.937596520004019815e-02
-8.070670339300714535e-02
-1.890907447232838615e-02
-7.876196355221179446e-02
-9.169460315200533146e-03
-8.047932030980357865e-02
-9.395866742736350835e-03
-8.246646402115677399e-02
-1.083367395426435703e-02
-8.228992349402625139e-02
-1.344419779866540612e-02
-1.021188207215024540e-01
-8.977041503008799384e-03
-1.026080539034498057e-01
-4.492796898629619791e-03
-1.029019668229313594e-01
-3.620409151322897569e-03
-8.292100239129419903e-02
-5.067028781393112871e-03
-8.284518826901496324e-02
-4.944931702323399590e-03
-8.084891867217122718e-02
4.944931702323373569e-03
-8.084891867217122718e-02
5.067028781393086850e-03
-8.284518826901496324e-02
3.620409151322871114e-03
-8.292100239129419903e-02
4.492796898629586831e-03
-1.029019668229313594e-01
8.977041503008764689e-03
-1.026080539034498057e-01
1.344419779866528122e-02
-1.021188207215024957e-01
1.083367395426425815e-02
-8.228992349402629303e-02
9.395866742736248486e-03
-8.246646402115676011e-02
9.169460315200434267e-03
-8.047932030980359253e-02
1.890907447232828900e-02
-7.876196355221182221e-02
1.937596520004010101e-02
-8.070670339300717311e-02
1.796448795686250363e-02
-8.103256859095447906e-02
2.229328023562455324e-02
-1.005584887333531435e-01
2.665836164555959037e-02
-9.949036010777403960e-02
3.097269734894007864e-02
-9.823284592706738039e-02
2.495858135885462709e-02
-7.915850691210285506e-02
2.357327361042555261e-02
-7.958203799406003698e-02
2.300524292101770868e-02
-7.766439852432364954e-02
3.229867458294488625e-02
-7.428186602519507020e-02
3.309617272079537487e-02
-7.611598617396532485e-02
3.176272488630240559e-02
-7.668200119843682216e-02
3.941639353360418957e-02
-9.515959184866255860e-02
4.352968095929198034e-02
-9.334970206477496979e-02
4.756010716320843712e-02
-9.136211581735688425e-02
3.832513489850776500e-02
-7.362189915379242777e-02
3.703441848811409032e-02
-7.427955201296811139e-02
3.614202286189448221e-02
-7.248968328976407305e-02
4.470689581027664089e-02
-6.754475158744066565e-02
4.581076978090075497e-02
-6.921252323157499331e-02
4.459586749278632994e-02
-7.000149000246955189e-02
5.534185965972279742e-02
-8.686931891872727574e-02
5.907837294415774904e-02
-8.437266056176613571e-02
6.270242718789821590e-02
-8.171539404999721146e-02
5.052719860772381805e-02
-6.584832724417252758e-02
4.937029130036134361e-02
-6.672011943122903299e-02
4.818064572685865077e-02
-6.511240570999460298e-02
5.575672063119405109e-02
-5.875532405199532932e-02
5.713342978258156152e-02
-6.020607279401990475e-02
5.607398723209979646e-02
-6.119401895524029938e-02
6.958579138441299550e-02
-7.593956569144279245e-02
7.283199846221440066e-02
-7.283199846221440066e-02
7.593956569144273694e-02
-6.958579138441302325e-02
6.119401895524027163e-02
-5.607398723209982422e-02
6.020607279401987005e-02
-5.713342978258159621e-02
5.875532405199528074e-02
-5.575672063119407884e-02
6.511240570999456134e-02
-4.818064572685867158e-02
6.672011943122900524e-02
-4.937029130036136443e-02
6.584832724417249983e-02
-5.052719860772383886e-02
8.171539404999718370e-02
-6.270242718789824365e-02
8.437266056176612183e-02
-5.907837294415776291e-02
8.686931891872720635e-02
-5.534185965972290150e-02
7.000149000246949638e-02
-4.459586749278641321e-02
6.921252323157495168e-02
-4.581076978090084517e-02
6.754475158744062402e-02
-4.470689581027673110e-02
7.248968328976400366e-02
-3.614202286189457242e-02
7.427955201296805587e-02
-3.703441848811418746e-02
7.362189915379238614e-02
-3.832513489850785521e-02
9.136211581735681486e-02
-4.756010716320854120e-02
9.334970206477492816e-02
-4.352968095929210524e-02
9.515959184866250309e-02
-3.941639353360430753e-02
7.668200119843678053e-02
-3.176272488630250274e-02
7.611598617396528321e-02
-3.309617272079547201e-02
7.428186602519501469e-02
-3.229867458294497645e-02
7.766439852432363566e-02
-2.300524292101780929e-02
7.958203799406000922e-02
-2.357327361042565322e-02
7.915850691210284118e-02
-2.495858135885473464e-02
9.823284592706735263e-02
-3.097269734894020701e-02
9.949036010777402572e-02
-2.665836164555971180e-02
1.005584887333530880e-01
-2.229328023562468508e-02
8.103256859095445130e-02
-1.796448795686261118e-02
8.070670339300714535e-02
-1.937596520004020509e-02
7.876196355221179446e-02
-1.890907447232839309e-02
8.047932030980357865e-02
-9.169460315200540085e-03
8.246646402115677399e-02
-9.395866742736357774e-03
8.228992349402625139e-02
-1.083367395426436397e-02
1.021188207215024540e-01
-1.344419779866541480e-02
1.026080539034498057e-01
-8.977041503008806322e-03
1.029019668229313594e-01
-4.492796898629628465e-03
8.292100239129419903e-02
-3.620409151322904941e-03
8.284518826901496324e-02
-5.067028781393119810e-03
8.084891867217122718e-02
-4.944931702323406529e-03
8.084891867217122718e-02
4.944931702323366630e-03
8.284518826901496324e-02
5.067028781393079911e-03
8.292100239129419903e-02
3.620409151322864609e-03
1.029019668229313594e-01
4.492796898629579025e-03
8.268415994161490423e-02
7.233926648055628156e-03
8.017184358199266891e-02
2.148198074350922762e-02
7.522354632404194830e-02
3.507731572447805868e-02
6.798961967598632361e-02
4.760684421713682474e-02
5.868986283848345170e-02
5.868986283848344476e-02
4.760684421713683168e-02
6.798961967598629585e-02
3.507731572447806562e-02
7.522354632404192054e-02
2.148198074350924150e-02
8.017184358199266891e-02
7.233926648055644636e-03
8.268415994161490423e-02
-7.233926648055616880e-03
8.268415994161490423e-02
-2.148198074350921027e-02
8.017184358199265504e-02
-3.507731572447805174e-02
7.522354632404197605e-02
-4.760684421713680392e-02
6.798961967598633749e-02
-5.868986283848344476e-02
5.868986283848345170e-02
-6.798961967598630973e-02
4.760684421713685249e-02
-7.522354632404194830e-02
3.507731572447805868e-02
-8.017184358199266891e-02
2.148198074350924497e-02
-8.268415994161490423e-02
7.233926648055668922e-03
-8.268415994161490423e-02
-7.233926648055595196e-03
-8.017184358199268279e-02
-2.148198074350917211e-02
-7.522354632404196217e-02
-3.507731572447806562e-02
-6.798961967598633749e-02
-4.760684421713681780e-02
-5.868986283848345170e-02
-5.868986283848345864e-02
-4.760684421713683168e-02
-6.798961967598630973e-02
-3.507731572447811419e-02
-7.522354632404192054e-02
-2.148198074350928313e-02
-8.017184358199265504e-02
-7.233926648055635095e-03
-8.268415994161490423e-02
7.233926648055607339e-03
-8.268415994161490423e-02
2.148198074350918599e-02
-8.017184358199268279e-02
3.507731572447800317e-02
-7.522354632404197605e-02
4.760684421713683168e-02
-6.798961967598630973e-02
5.868986283848345170e-02
-5.868986283848345864e-02
6.798961967598630973e-02
-4.760684421713685249e-02
7.522354632404193442e-02
-3.507731572447810031e-02
8.017184358199265504e-02
-2.148198074350928660e-02
8.268415994161490423e-02
-7.233926648055642034e-03
7.368168182046277992e-02
1.101180112915599134e-02
7.813225320559143150e-02
1.167694347923924070e-02
7.069981456655997920e-02
3.524962723567488798e-02
6.667260993935086866e-02
3.324173707668074546e-02
5.830430768550483311e-02
4.637734042950265173e-02
6.182604439134069957e-02
4.917865629437194464e-02
4.360302183965260314e-02
6.587697994330628248e-02
4.111930540574833953e-02
6.212449374400402097e-02
2.730434139096014901e-02
6.931610881466082619e-02
2.895359691121948686e-02
7.350298787057994720e-02
4.822834623253713197e-03
7.885264907532749112e-02
4.548116195346856364e-03
7.436104248242908499e-02
-1.101180112915599134e-02
7.368168182046277992e-02
-1.167694347923924243e-02
7.813225320559143150e-02
-3.524962723567489492e-02
7.069981456655997920e-02
-3.324173707668075933e-02
6.667260993935086866e-02
-4.637734042950264479e-02
5.830430768550484005e-02
-4.917865629437193076e-02
6.182604439134070651e-02
-6.587697994330628248e-02
4.360302183965260314e-02
-6.212449374400402097e-02
4.111930540574833953e-02
-6.931610881466082619e-02
2.730434139096016982e-02
-7.350298787057993333e-02
2.895359691121950421e-02
-7.885264907532749112e-02
4.822834623253718402e-03
-7.436104248242908499e-02
4.548116195346860700e-03
-7.368168182046277992e-02
-1.101180112915600348e-02
-7.813225320559143150e-02
-1.167694347923921988e-02
-7.069981456655997920e-02
-3.524962723567490880e-02
-6.667260993935086866e-02
-3.324173707668073852e-02
-5.830430768550483311e-02
-4.637734042950265173e-02
-6.182604439134072039e-02
-4.917865629437191688e-02
-4.360302183965259620e-02
-6.587697994330629636e-02
-4.111930540574835341e-02
-6.212449374400401403e-02
-2.730434139096020105e-02
-6.931610881466079843e-02
-2.895359691121954585e-02
-7.350298787057991945e-02
-4.822834623253755698e-03
-7.885264907532749112e-02
-4.548116195346896262e-03
-7.436104248242908499e-02
1.101180112915595144e-02
-7.368168182046280767e-02
1.167694347923919733e-02
-7.813225320559144538e-02
3.524962723567486717e-02
-7.069981456656002083e-02
3.324173707668071770e-02
-6.667260993935088254e-02
4.637734042950259622e-02
-5.830430768550490250e-02
4.917865629437188218e-02
-6.182604439134076896e-02
6.587697994330624085e-02
-4.360302183965267253e-02
6.212449374400397933e-02
-4.111930540574840198e-02
6.931610881466079843e-02
-2.730434139096020452e-02
7.350298787057993333e-02
-2.895359691121955278e-02
7.885264907532749112e-02
-4.822834623253762637e-03
7.436104248242908499e-02
-4.548116195346902334e-03
7.415701677835481731e-02
7.140508562756687008e-03
7.863629967100713158e-02
7.571814449097694424e-03
6.875809997925207140e-02
3.890146124817389639e-02
6.484149934752252153e-02
3.668555522770829136e-02
6.065160611754578240e-02
4.326237020046501403e-02
6.431512595014923783e-02
4.587553350116425205e-02
4.009553067389565184e-02
6.806870367488052076e-02
3.781160804057247943e-02
6.419137245289364968e-02
3.089464657788981369e-02
6.779211468030246768e-02
3.276076616984289341e-02
7.188694039924690971e-02
6.893963043715554094e-04
7.899699192206953435e-02
6.501268946288718542e-04
7.449716326828076385e-02
-7.140508562756684406e-03
7.415701677835481731e-02
-7.571814449097692690e-03
7.863629967100713158e-02
-3.890146124817388945e-02
6.875809997925207140e-02
-3.668555522770827748e-02
6.484149934752250766e-02
-4.326237020046497933e-02
6.065160611754579628e-02
-4.587553350116421041e-02
6.431512595014923783e-02
-6.806870367488052076e-02
4.009553067389565184e-02
-6.419137245289364968e-02
3.781160804057247943e-02
-6.779211468030245380e-02
3.089464657788984839e-02
-7.188694039924689583e-02
3.276076616984292811e-02
-7.899699192206953435e-02
6.893963043715778524e-04
-7.449716326828076385e-02
6.501268946288929962e-04
-7.415701677835481731e-02
-7.140508562756647977e-03
-7.863629967100713158e-02
-7.571814449097653658e-03
-6.875809997925207140e-02
-3.890146124817390333e-02
-6.484149934752250766e-02
-3.668555522770829830e-02
-6.065160611754580322e-02
-4.326237020046497239e-02
-6.431512595014922395e-02
-4.587553350116422429e-02
-4.009553067389570041e-02
-6.806870367488050688e-02
-3.781160804057252106e-02
-6.419137245289363580e-02
-3.089464657788982410e-02
-6.779211468030245380e-02
-3.276076616984290035e-02
-7.188694039924690971e-02
-6.893963043715808882e-04
-7.899699192206953435e-02
-6.501268946288958151e-04
-7.449716326828076385e-02
7.140508562756692212e-03
-7.415701677835481731e-02
7.571814449097702231e-03
-7.863629967100714546e-02
3.890146124817388945e-02
-6.875809997925207140e-02
3.668555522770828442e-02
-6.484149934752252153e-02
4.326237020046497933e-02
-6.065160611754579628e-02
4.587553350116421735e-02
-6.431512595014925171e-02
6.806870367488052076e-02
-4.009553067389569347e-02
6.419137245289363580e-02
-3.781160804057251412e-02
6.779211468030245380e-02
-3.089464657788982757e-02
7.188694039924690971e-02
-3.276076616984290729e-02
7.899699192206953435e-02
-6.893963043715872849e-04
7.449716326828076385e-02
-6.501268946289018866e-04
8.000000000000000167e-02
0.000000000000000000e+00
4.898587196589412767e-18
8.000000000000000167e-02
-1.286498119741309379e-17
-8.000000000000000167e-02
-8.000000000000000167e-02
9.797174393178825534e-18
5.999999999999999778e-02
0.000000000000000000e+00
3.673940397442059190e-18
5.999999999999999778e-02
-9.648735898059818802e-18
-5.999999999999999778e-02
-5.999999999999999778e-02
7.347880794884118380e-18
1.199999999999999956e-01
0.000000000000000000e+00
7.347880794884118380e-18
1.199999999999999956e-01
-1.199999999999999956e-01
1.469576158976823676e-17
-1.929747179611963760e-17
-1.199999999999999956e-01
9.220437210776435966e-02
1.213893587646479311e-02
9.079552866215380436e-02
2.012888409624356487e-02
8.869567641958510384e-02
2.796563935389740144e-02
8.592079652354966957e-02
3.558955920995334615e-02
8.249200748557461438e-02
4.294262103085815657e-02
7.843540446059836524e-02
4.996886357625462266e-02
7.378186064708487646e-02
5.661481289781101350e-02
6.856679232334153551e-02
6.282988930825639251e-02
6.282988930825640639e-02
6.856679232334153551e-02
5.661481289781104126e-02
7.378186064708484870e-02
4.996886357625462266e-02
7.843540446059836524e-02
4.294262103085814963e-02
8.249200748557461438e-02
3.558955920995335309e-02
8.592079652354966957e-02
2.796563935389740491e-02
8.869567641958507609e-02
2.012888409624356834e-02
9.079552866215380436e-02
1.213893587646480872e-02
9.220437210776435966e-02
4.056603024976249139e-03
9.291148460711277923e-02
-4.056603024976237863e-03
9.291148460711277923e-02
-1.213893587646477749e-02
9.220437210776437353e-02
-2.012888409624355793e-02
9.079552866215380436e-02
-2.796563935389740491e-02
8.869567641958510384e-02
-3.558955920995334615e-02
8.592079652354966957e-02
-4.294262103085814269e-02
8.249200748557462826e-02
-4.996886357625461572e-02
7.843540446059835136e-02
-5.661481289781099269e-02
7.378186064708489034e-02
-6.282988930825639251e-02
6.856679232334153551e-02
-6.856679232334153551e-02
6.282988930825640639e-02
-7.378186064708484870e-02
5.661481289781104126e-02
-7.843540446059835136e-02
4.996886357625464348e-02
-8.249200748557460050e-02
4.294262103085819127e-02
-8.592079652354966957e-02
3.558955920995335309e-02
-8.869567641958511772e-02
2.796563935389738062e-02
-9.079552866215379048e-02
2.012888409624359609e-02
-9.220437210776433190e-02
1.213893587646478964e-02
-9.291148460711276535e-02
4.056603024976295976e-03
-9.291148460711277923e-02
-4.056603024976213577e-03
-9.220437210776438741e-02
-1.213893587646475494e-02
-9.079552866215381823e-02
-2.012888409624351282e-02
-8.869567641958513160e-02
-2.796563935389733899e-02
-8.592079652354969732e-02
-3.558955920995328370e-02
-8.249200748557464213e-02
-4.294262103085811494e-02
-7.843540446059833748e-02
-4.996886357625463654e-02
-7.378186064708487646e-02
-5.661481289781099963e-02
-6.856679232334153551e-02
-6.282988930825640639e-02
-6.282988930825642027e-02
-6.856679232334150775e-02
-5.661481289781102044e-02
-7.378186064708487646e-02
-4.996886357625466429e-02
-7.843540446059833748e-02
-4.294262103085817739e-02
-8.249200748557461438e-02
-3.558955920995340166e-02
-8.592079652354964181e-02
-2.796563935389743960e-02
-8.869567641958508997e-02
-2.012888409624363772e-02
-9.079552866215376272e-02
-1.213893587646488158e-02
-9.220437210776435966e-02
-4.056603024976258680e-03
-9.291148460711277923e-02
4.056603024976228322e-03
-9.291148460711277923e-02
1.213893587646476882e-02
-9.220437210776438741e-02
2.012888409624353017e-02
-9.079552866215381823e-02
2.796563935389735286e-02
-8.869567641958511772e-02
3.558955920995329064e-02
-8.592079652354968344e-02
4.294262103085810106e-02
-8.249200748557465601e-02
4.996886357625456021e-02
-7.843540446059840687e-02
5.661481289781102044e-02
-7.378186064708487646e-02
6.282988930825639251e-02
-6.856679232334153551e-02
6.856679232334150775e-02
-6.282988930825642027e-02
7.378186064708484870e-02
-5.661481289781104126e-02
7.843540446059835136e-02
-4.996886357625465042e-02
8.249200748557460050e-02
-4.294262103085819127e-02
8.592079652354964181e-02
-3.558955920995340860e-02
8.869567641958508997e-02
-2.796563935389746736e-02
9.079552866215376272e-02
-2.012888409624364813e-02
9.220437210776435966e-02
-1.213893587646488852e-02
9.291148460711277923e-02
-4.056603024976266486e-03
9.291148460711277923e-02
4.056603024976221383e-03
7.648366358987050695e-02
1.978002032030088189e-02
7.399710295062342236e-02
2.766638311949791776e-02
6.978207809900560665e-02
2.609044990383032475e-02
7.212699920816900701e-02
1.865331030205592128e-02
5.634678548318031860e-02
5.537183187968824916e-02
5.025017940194329708e-02
6.095834208762991591e-02
4.738782741069339638e-02
5.748603146238514400e-02
5.313715846198649451e-02
5.221774019033893072e-02
2.111183171018225085e-02
7.612680580348123172e-02
1.303876086299351339e-02
7.791656252144128769e-02
1.229604663662043143e-02
7.347827731452374889e-02
1.990925901783006241e-02
7.179046876404243660e-02
-1.978002032030088883e-02
7.648366358987050695e-02
-2.766638311949792470e-02
7.399710295062342236e-02
-2.609044990383034904e-02
6.978207809900560665e-02
-1.865331030205591087e-02
7.212699920816900701e-02
-5.537183187968824916e-02
5.634678548318031860e-02
-6.095834208762988815e-02
5.025017940194334565e-02
-5.748603146238514400e-02
4.738782741069340332e-02
-5.221774019033895847e-02
5.313715846198645981e-02
-7.612680580348121784e-02
2.111183171018230290e-02
-7.791656252144127381e-02
1.303876086299357064e-02
-7.347827731452373501e-02
1.229604663662045225e-02
-7.179046876404243660e-02
1.990925901783008670e-02
-7.648366358987054858e-02
-1.978002032030083332e-02
-7.399710295062340848e-02
-2.766638311949793164e-02
-6.978207809900562053e-02
-2.609044990383032822e-02
-7.212699920816900701e-02
-1.865331030205587617e-02
-5.634678548318031166e-02
-5.537183187968825610e-02
-5.025017940194329708e-02
-6.095834208762991591e-02
-4.738782741069347271e-02
-5.748603146238508849e-02
-5.313715846198655696e-02
-5.221774019033885439e-02
-2.111183171018229249e-02
-7.612680580348121784e-02
-1.303876086299352206e-02
-7.791656252144128769e-02
-1.229604663662053898e-02
-7.347827731452373501e-02
-1.990925901783021854e-02
-7.179046876404239497e-02
1.978002032030089577e-02
-7.648366358987050695e-02
2.766638311949793164e-02
-7.399710295062342236e-02
2.609044990383031087e-02
-6.978207809900562053e-02
1.865331030205587270e-02
-7.212699920816903476e-02
5.537183187968817977e-02
-5.634678548318040880e-02
6.095834208762984652e-02
-5.025017940194339422e-02
5.748603146238508849e-02
-4.738782741069347271e-02
5.221774019033886827e-02
-5.313715846198656390e-02
7.612680580348121784e-02
-2.111183171018234800e-02
7.791656252144125994e-02
-1.303876086299363829e-02
7.347827731452373501e-02
-1.229604663662052164e-02
7.179046876404240884e-02
-1.990925901783012139e-02
7.994405638307187922e-02
2.991295542106052474e-03
7.977630377449440591e-02
5.978407486913917858e-03
7.949697679145940887e-02
8.957158088264619358e-03
7.910646609801028073e-02
1.192338129409395778e-02
7.860531785866305132e-02
1.487292857303318047e-02
7.799423297454588511e-02
1.780167471650514338e-02
7.727406610312546886e-02
2.070552360820166263e-02
7.644582446289126254e-02
2.358041395287235192e-02
7.551066642466940093e-02
2.642232495641336221e-02
7.446989989153633693e-02
2.922728194931160234e-02
7.332498046959809446e-02
3.199136194557929136e-02
7.207750943219352890e-02
3.471069912940466518e-02
7.072923148036876217e-02
3.738149026184499346e-02
6.928203230275506441e-02
4.000000000000002859e-02
6.773793593826270276e-02
4.256256612122698985e-02
6.609910194527957028e-02
4.506560464508978930e-02
6.436782238133342826e-02
4.750561484588017302e-02
6.254651859744235487e-02
4.987918414869869921e-02
6.063773785163621699e-02
5.218299290224972381e-02
5.864414974638609834e-02
5.441381902167356094e-02
5.656854249492379583e-02
5.656854249492381664e-02
5.441381902167356788e-02
5.864414974638609834e-02
5.218299290224969605e-02
6.063773785163623781e-02
4.987918414869868533e-02
6.254651859744238263e-02
4.750561484588010364e-02
6.436782238133348377e-02
4.506560464508975461e-02
6.609910194527959804e-02
4.256256612122687188e-02
6.773793593826277215e-02
3.999999999999998002e-02
6.928203230275510605e-02
3.738149026184488244e-02
7.072923148036883156e-02
3.471069912940458885e-02
7.207750943219355666e-02
3.199136194557925666e-02
7.332498046959810833e-02
2.922728194931151560e-02
7.446989989153637857e-02
2.642232495641330323e-02
7.551066642466942869e-02
2.358041395287231376e-02
7.644582446289126254e-02
2.070552360820158977e-02
7.727406610312548274e-02
1.780167471650510522e-02
7.799423297454589898e-02
1.487292857303314231e-02
7.860531785866306520e-02
1.192338129409395431e-02
7.910646609801028073e-02
8.957158088264579460e-03
7.949697679145940887e-02
5.978407486913915256e-03
7.977630377449440591e-02
2.991295542106049005e-03
7.994405638307189310e-02
2.991295542106031224e-03
-7.994405638307189310e-02
5.978407486913932603e-03
-7.977630377449440591e-02
8.957158088264633236e-03
-7.949697679145940887e-02
1.192338129409393523e-02
-7.910646609801029461e-02
1.487292857303314231e-02
-7.860531785866306520e-02
1.780167471650513991e-02
-7.799423297454588511e-02
2.070552360820165916e-02
-7.727406610312546886e-02
2.358041395287231376e-02
-7.644582446289126254e-02
2.642232495641333792e-02
-7.551066642466941481e-02
2.922728194931156417e-02
-7.446989989153635081e-02
3.199136194557925666e-02
-7.332498046959810833e-02
3.471069912940460273e-02
-7.207750943219355666e-02
3.738149026184493101e-02
-7.072923148036880381e-02
3.999999999999998002e-02
-6.928203230275510605e-02
4.256256612122692046e-02
-6.773793593826274440e-02
4.506560464508975461e-02
-6.609910194527959804e-02
4.750561484588011751e-02
-6.436782238133348377e-02
4.987918414869867145e-02
-6.254651859744239650e-02
5.218299290224967524e-02
-6.063773785163625862e-02
5.441381902167350543e-02
-5.864414974638614692e-02
5.656854249492375419e-02
-5.656854249492385134e-02
5.864414974638606365e-02
-5.441381902167360951e-02
6.063773785163618923e-02
-5.218299290224975850e-02
6.254651859744234099e-02
-4.987918414869874084e-02
6.436782238133340051e-02
-4.750561484588020772e-02
6.609910194527952865e-02
-4.506560464508986563e-02
6.773793593826266113e-02
-4.256256612122705230e-02
6.928203230275502278e-02
-4.000000000000012573e-02
7.072923148036870666e-02
-3.738149026184511142e-02
7.207750943219345952e-02
-3.471069912940481783e-02
7.332498046959802507e-02
-3.199136194557944401e-02
7.446989989153626754e-02
-2.922728194931178969e-02
7.551066642466933154e-02
-2.642232495641355650e-02
7.644582446289122091e-02
-2.358041395287247335e-02
7.727406610312542723e-02
-2.070552360820179447e-02
7.799423297454587123e-02
-1.780167471650525787e-02
7.860531785866303744e-02
-1.487292857303328109e-02
7.910646609801028073e-02
-1.192338129409403931e-02
7.949697679145939500e-02
-8.957158088264681808e-03
7.977630377449440591e-02
-5.978407486914016737e-03
7.994405638307187922e-02
-2.991295542106109286e-03
-2.991295542106003468e-03
7.994405638307189310e-02
-5.978407486913941277e-03
7.977630377449440591e-02
-8.957158088264607215e-03
7.949697679145940887e-02
-1.192338129409391094e-02
7.910646609801029461e-02
-1.487292857303318221e-02
7.860531785866303744e-02
-1.780167471650512950e-02
7.799423297454588511e-02
-2.070552360820163140e-02
7.727406610312546886e-02
-2.358041395287234152e-02
7.644582446289127642e-02
-2.642232495641336221e-02
7.551066642466940093e-02
-2.922728194931156070e-02
7.446989989153636469e-02
-3.199136194557929830e-02
7.332498046959809446e-02
-3.471069912940464436e-02
7.207750943219352890e-02
-3.738149026184493101e-02
7.072923148036880381e-02
-4.000000000000000777e-02
6.928203230275509217e-02
-4.256256612122692046e-02
6.773793593826274440e-02
-4.506560464508974073e-02
6.609910194527962579e-02
-4.750561484588013833e-02
6.436782238133345602e-02
-4.987918414869867145e-02
6.254651859744239650e-02
-5.218299290224966830e-02
6.063773785163625862e-02
-5.441381902167356094e-02
5.864414974638609834e-02
-5.656854249492379583e-02
5.656854249492380970e-02
-5.864414974638613304e-02
5.441381902167352624e-02
-6.063773785163625168e-02
5.218299290224967524e-02
-6.254651859744238263e-02
4.987918414869868533e-02
-6.436782238133348377e-02
4.750561484588010364e-02
-6.609910194527959804e-02
4.506560464508974767e-02
-6.773793593826277215e-02
4.256256612122687188e-02
-6.928203230275511992e-02
3.999999999999996614e-02
-7.072923148036883156e-02
3.738149026184488244e-02
-7.207750943219355666e-02
3.471069912940459579e-02
-7.332498046959810833e-02
3.199136194557924279e-02
-7.446989989153637857e-02
2.922728194931151907e-02
-7.551066642466942869e-02
2.642232495641330670e-02
-7.644582446289126254e-02
2.358041395287229641e-02
-7.727406610312546886e-02
2.070552360820164528e-02
-7.799423297454589898e-02
1.780167471650509134e-02
-7.860531785866307908e-02
1.487292857303312843e-02
-7.910646609801028073e-02
1.192338129409394043e-02
-7.949697679145940887e-02
8.957158088264638440e-03
-7.977630377449440591e-02
5.978407486913903113e-03
-7.994405638307189310e-02
2.991295542106035994e-03
-7.994405638307189310e-02
-2.991295542106035994e-03
-7.977630377449440591e-02
-5.978407486913937807e-03
-7.949697679145940887e-02
-8.957158088264638440e-03
-7.910646609801028073e-02
-1.192338129409397512e-02
-7.860531785866306520e-02
-1.487292857303316486e-02
-7.799423297454591286e-02
-1.780167471650512950e-02
-7.727406610312546886e-02
-2.070552360820164528e-02
-7.644582446289124866e-02
-2.358041395287236927e-02
-7.551066642466942869e-02
-2.642232495641334486e-02
-7.446989989153635081e-02
-2.922728194931158499e-02
-7.332498046959809446e-02
-3.199136194557927054e-02
-7.207750943219350115e-02
-3.471069912940468599e-02
-7.072923148036878993e-02
-3.738149026184494489e-02
-6.928203230275509217e-02
-3.999999999999999389e-02
-6.773793593826271664e-02
-4.256256612122692740e-02
-6.609910194527959804e-02
-4.506560464508974767e-02
-6.436782238133348377e-02
-4.750561484588010364e-02
-6.254651859744239650e-02
-4.987918414869865064e-02
-6.063773785163627944e-02
-5.218299290224964748e-02
-5.864414974638615385e-02
-5.441381902167349849e-02
-5.656854249492384440e-02
-5.656854249492375419e-02
-5.441381902167363727e-02
-5.864414974638602895e-02
-5.218299290224977238e-02
-6.063773785163617536e-02
-4.987918414869878941e-02
-6.254651859744229936e-02
-4.750561484588024935e-02
-6.436782238133338663e-02
-4.506560464508987951e-02
-6.609910194527950089e-02
-4.256256612122703148e-02
-6.773793593826266113e-02
-4.000000000000013267e-02
-6.928203230275502278e-02
-3.738149026184512530e-02
-7.072923148036869279e-02
-3.471069912940480395e-02
-7.207750943219345952e-02
-3.199136194557945789e-02
-7.332498046959801119e-02
-2.922728194931180704e-02
-7.446989989153626754e-02
-2.642232495641352874e-02
-7.551066642466935930e-02
-2.358041395287248723e-02
-7.644582446289119315e-02
-2.070552360820180487e-02
-7.727406610312542723e-02
-1.780167471650526828e-02
-7.799423297454587123e-02
-1.487292857303325506e-02
-7.860531785866305132e-02
-1.192338129409405145e-02
-7.910646609801028073e-02
-8.957158088264695686e-03
-7.949697679145939500e-02
-5.978407486914012400e-03
-7.977630377449440591e-02
-2.991295542106092373e-03
-7.994405638307187922e-02
5.543277195067720237e-02
2.296100594190538316e-02
4.242640687119286075e-02
4.242640687119284687e-02
2.296100594190541438e-02
5.543277195067718849e-02
2.296100594190539010e-02
-5.543277195067720237e-02
4.242640687119284687e-02
-4.242640687119285381e-02
5.543277195067720237e-02
-2.296100594190539704e-02
-2.296100594190540745e-02
5.543277195067719543e-02
-4.242640687119284687e-02
4.242640687119285381e-02
-5.543277195067718849e-02
2.296100594190541438e-02
-5.543277195067720237e-02
-2.296100594190539010e-02
-4.242640687119284687e-02
-4.242640687119285381e-02
-2.296100594190539357e-02
-5.543277195067720237e-02
1.169913494618188277e-01
2.670251207475771160e-02
1.081162641482903003e-01
5.206604869410694919e-02
9.381977789616358088e-02
7.481877622304800024e-02
7.481877622304805575e-02
9.381977789616355312e-02
5.206604869410699776e-02
1.081162641482902864e-01
2.670251207475776017e-02
1.169913494618188138e-01
-2.670251207475769425e-02
1.169913494618188277e-01
-5.206604869410696307e-02
1.081162641482903003e-01
-7.481877622304798636e-02
9.381977789616358088e-02
-9.381977789616355312e-02
7.481877622304802800e-02
-1.081162641482902864e-01
5.206604869410698389e-02
-1.169913494618188277e-01
2.670251207475773936e-02
-1.169913494618188138e-01
-2.670251207475773589e-02
-1.081162641482902725e-01
-5.206604869410703246e-02
-9.381977789616355312e-02
-7.481877622304802800e-02
-7.481877622304809738e-02
-9.381977789616352537e-02
-5.206604869410696307e-02
-1.081162641482903003e-01
-2.670251207475777405e-02
-1.169913494618188138e-01
2.670251207475770466e-02
-1.169913494618188277e-01
5.206604869410694919e-02
-1.081162641482903003e-01
7.481877622304800024e-02
-9.381977789616358088e-02
9.381977789616355312e-02
-7.481877622304802800e-02
1.081162641482902864e-01
-5.206604869410699082e-02
1.169913494618188138e-01
-2.670251207475776017e-02
