 nel | n_cp | np  |  total_time | compliance
 50       2      31.204        8.417000e-05
 50       3      28.522        8.417000e-05
 50       4      24.608        8.417000e-05
128       1      288.997        8.425300e-05
128       2      223.101        8.425298e-05
128       4      159.040        8.425299e-05
128       8      181.790        8.425303e-05
256       1      1603.632        8.429759e-05
128       1      428.581        1.165377e-04
128       1      608.770        -6.742988e+01
128       1      293.956        8.425300e-05
128       1      433.749        1.165377e-04
128       1      547.797        -2.672801e+04
128       1      436.783        -9.895187e+01
128       2      214.389        8.425298e-05
256       2      1065.618        8.432928e-05
256       1      1616.099        8.429759e-05
256       2      1070.794        8.432928e-05
256       4      533.980        1.082500e-04
256       8      726.339        8.425667e-05
 16       1      2.622        8.355897e-05
 16       2      2.595        8.355897e-05
 16       4      2.102        8.355897e-05
 16       8      2.698        8.355897e-05
100       1      156.329        8.421622e-05
100       2      120.741        8.421622e-05
100       4      87.389        8.421619e-05
256       1      1546.252        8.429759e-05
256       2      1055.154        8.432928e-05
256       4      302.243        1.100591e-04
256       8      1151.958        8.453515e-05
256       1      1549.530        8.429759e-05
256       2      1044.999        8.432928e-05
256       4      919.051        8.438374e-05
256       8      869.904        8.425802e-05
256       1      1569.518        8.429759e-05
256       2      1068.080        8.432928e-05
256       4      922.330        8.438374e-05
256       1      1546.423        8.429759e-05
256       2      1044.622        8.432928e-05
256       4      922.046        8.438374e-05
256       8      851.334        8.438395e-05
128       1      257.153        8.331912e-05
128       1      609.907        8.316874e-05
128       1      625.434        8.316874e-05
 32       6       1     14.768        8.989959e-05
 32       6       1     14.771        8.989959e-05
 32       6       1     14.629        8.989959e-05
 32       5       1     12.508        8.401531e-05
 32       5       1     10.863        8.344612e-05
128       5       1     327.436        8.343469e-05
128       6       1     374.715        8.337209e-05

128      10       1     595.892        8.349246e-05
128      10       2     433.827        8.349245e-05
128      10       2     381.357        4.555007e-05
128      25       2     487.400        8.342188e-05
128      10       2     388.338        4.555007e-05
128      25       1     647.420        8.342188e-05
128      25       2     482.246        8.342188e-05
128      25       4     319.820        8.342188e-05
128      25       8     338.848        8.342184e-05

128      10       4     263.879        4.555007e-05   # upper=0.9*thickness
128      10       4     433.990        4.535919e-05   # upper=0.94*thickness
128      10       4     837.447        4.523120e-05   # upper=0.99*thickness
128      25       4     1084.974        4.523790e-05  # upper=0.99*thickness
256      25       4     5445.681        4.525492e-05

128      25       1     2437.466        4.523045e-05
128      25       2     1799.296        4.523926e-05
128      25       4     1265.797        4.525569e-05
128      25       8     1382.008        4.527019e-05
256      25       1     11357.138        4.528226e-05
256      25       2     8252.728        4.530538e-05
256      25       4     5494.775        4.524310e-05
256      25       8     5244.681        4.526394e-05
128      25       4     2558.996        4.552281e-05
128      10       4     262.877        4.555007e-05   # 3.01 sec per iteration
128      10       4     435.870        4.535919e-05   # 3.35 sec per iteration

128      10       4     836.341        4.523199e-05
128      10       4     17.543        2.888844e-04
128      10       4     17.738        2.888844e-04
128      10       4     17.644        2.888844e-04

 64      10       1     844.579        4.550922e-05
128      10       1     568.302        4.555008e-05
128      25       1     5409.296        4.552221e-05
128      25       1     5074.385        4.552099e-05