num_el    np     total_time   state_err       control_err
_____________________________________________________________________________________

 16       1      4.203      1.759855e-04    2.438977e-02
 16       1      4.060      1.759855e-04    2.438977e-02
 32       1      27.775      4.420707e-05    5.154226e-03
 32       2      19.787      4.421172e-05    5.117707e-03
 32       4      24.634      4.420488e-05    5.194068e-03
 32       8      24.938      4.420657e-05    5.072291e-03
 64       1      102.694      1.102661e-05    4.874328e-03
 64       2      67.535      1.131751e-05    4.645045e-03
 64       4      75.676      1.108673e-05    4.611456e-03
 64       8      124.993      1.118683e-05    2.100313e-03
128       1      600.707      2.923834e-06    1.255009e-02
128       1      597.147      2.923834e-06    1.255009e-02
128       2      361.400      3.188382e-06    1.112061e-02
128       8      359.658      3.543157e-06    4.827787e-03
256       1      5000.718      1.333136e-05    3.787561e-02
256       2      4320.021      1.249619e-05    3.853434e-02
256       4      4101.587      1.232763e-05    3.868494e-02
256       8      4470.402      1.379833e-05    4.780882e-02

256       1      4645.098      1.093700e-06    2.930589e-03
256       2      4439.384      6.681154e-07    4.123334e-04
256       4      4140.477      9.783772e-07    2.862648e-03
256       8      4317.715      8.783301e-07    2.334269e-03
256       1      4717.044      1.093700e-06    2.930589e-03
256       2      4433.114      6.681154e-07    4.123334e-04
256       4      4188.559      9.766988e-07    3.203211e-03
256       8      4411.115      1.117745e-06    2.773543e-03
256       1      4848.780      1.093700e-06    2.930589e-03
256       2      4486.928      6.681154e-07    4.123334e-04
256       4      4052.008      1.096925e-06    2.779022e-03
256       8      4318.609      1.019530e-06    2.765302e-03

128       1      443.447      2.767975e-06    3.261562e-04
128       2      339.752      2.809456e-06    8.351060e-04
128       4      359.504      2.774413e-06    5.637347e-04
128       8      484.641      2.776131e-06    5.212513e-04
512       4      68287.150      5.246455e-06    1.730111e-02
512       1      79308.448      5.615917e-06    1.602510e-02
256       1      4940.366      1.093700e-06    2.930589e-03
256       2      4685.362      6.681154e-07    4.123334e-04
256       4      4082.297      2.559918e-06    8.440127e-03
256       8      4585.500      8.929376e-07    2.110687e-03

128       4      259.878      3.092277e-06    1.137951e-02      (relative_tolerance=1E-6, major feasibility tol=1E-12)
128       4      334.430      3.223491e-06    1.263504e-02      (relative_tolerance=1E-12, major feasibility tol=1E-12)
128       4      365.599      3.129331e-06    1.319938e-02      (relative_tolerance=1E-13, major feasibility tol=1E-12)
128       4      416.832      2.772987e-06    1.381678e-03      (relative_tolerance=1E-6, major feasibility tol=1E-13)
128       4      371.318      2.784797e-06    1.185507e-03      (relative_tolerance=1E-13, major feasibility tol=1E-13)

256       1      4996.141      7.157906e-07    1.211004e-03     (relative_tolerance=1E-13, major feasibility tol=1E-13)
256       2      4441.587      9.126260e-07    2.738882e-03     (relative_tolerance=1E-13, major feasibility tol=1E-13)
256       4      4080.465      8.668182e-07    2.431425e-03     (relative_tolerance=1E-13, major feasibility tol=1E-13)
256       8      4463.462      7.050033e-07    6.202435e-04     (relative_tolerance=1E-13, major feasibility tol=1E-13)

 16       1      5.923      1.759817e-04    2.438641e-02
 16       1      195.471      9.797186e-01    6.615548e-01
 16       1      5.467      1.759817e-04    2.438641e-02