8.258238701482567556e-02
8.315609113802331989e-03
7.988378462565272342e-02
2.252955733880116634e-02
7.475795386377478979e-02
3.605895636456662307e-02
6.736064050309602258e-02
4.849272224790705799e-02
5.791660816685945817e-02
5.945306130424629631e-02
4.671280899869070108e-02
6.860694917755665034e-02
3.408966476691862452e-02
7.567624961689835283e-02
2.043072332140643405e-02
8.044616550566062452e-02
6.151004686218145522e-03
8.277176536325732414e-02
-8.315609113802325050e-03
8.258238701482567556e-02
-2.252955733880115941e-02
7.988378462565272342e-02
-3.605895636456661613e-02
7.475795386377478979e-02
-4.849272224790703717e-02
6.736064050309603646e-02
-5.945306130424630325e-02
5.791660816685945817e-02
-6.860694917755665034e-02
4.671280899869070802e-02
-7.567624961689835283e-02
3.408966476691861064e-02
-8.044616550566062452e-02
2.043072332140643751e-02
-8.277176536325731027e-02
6.151004686218168940e-03
-8.258238701482567556e-02
-8.315609113802319846e-03
-7.988378462565273730e-02
-2.252955733880113859e-02
-7.475795386377480367e-02
-3.605895636456660919e-02
-6.736064050309603646e-02
-4.849272224790703717e-02
-5.791660816685945817e-02
-5.945306130424629631e-02
-4.671280899869071496e-02
-6.860694917755663647e-02
-3.408966476691865227e-02
-7.567624961689833896e-02
-2.043072332140647915e-02
-8.044616550566059676e-02
-6.151004686218136848e-03
-8.277176536325732414e-02
8.315609113802314642e-03
-8.258238701482567556e-02
2.252955733880113165e-02
-7.988378462565273730e-02
3.605895636456657449e-02
-7.475795386377481755e-02
4.849272224790705799e-02
-6.736064050309602258e-02
5.945306130424629631e-02
-5.791660816685945817e-02
6.860694917755663647e-02
-4.671280899869071496e-02
7.567624961689833896e-02
-3.408966476691865227e-02
8.044616550566059676e-02
-2.043072332140648609e-02
8.277176536325732414e-02
-6.151004686218142919e-03
