8.258238701482567556e-02
8.315609113802331989e-03
8.059244997832384905e-02
8.115232990578180247e-03
7.850770368624711282e-02
1.993841673534843886e-02
8.044616550566063840e-02
2.043072332140642711e-02
7.988378462565272342e-02
2.252955733880116981e-02
7.795887415274543875e-02
2.198667643907101579e-02
7.385272552974417315e-02
3.326822706169165617e-02
7.567624961689835283e-02
3.408966476691861064e-02
7.475795386377478979e-02
3.605895636456662307e-02
7.295655738512960009e-02
3.519006584975777757e-02
6.695376967930227741e-02
4.558719914330055384e-02
6.860694917755666422e-02
4.671280899869068720e-02
6.736064050309602258e-02
4.849272224790705799e-02
6.573749253916599811e-02
4.732422291663218594e-02
5.802045741739699641e-02
5.652102724717610049e-02
5.945306130424630325e-02
5.791660816685945817e-02
5.791660816685945123e-02
5.945306130424628938e-02
5.652102724717610743e-02
5.802045741739697560e-02
4.732422291663218594e-02
6.573749253916599811e-02
4.849272224790705799e-02
6.736064050309602258e-02
4.671280899869070802e-02
6.860694917755665034e-02
4.558719914330056078e-02
6.695376967930227741e-02
3.519006584975779145e-02
7.295655738512961397e-02
3.605895636456662307e-02
7.475795386377478979e-02
3.408966476691862452e-02
7.567624961689835283e-02
3.326822706169167004e-02
7.385272552974417315e-02
2.198667643907103314e-02
7.795887415274542487e-02
2.252955733880118369e-02
7.988378462565272342e-02
2.043072332140643751e-02
8.044616550566063840e-02
1.993841673534844927e-02
7.850770368624712670e-02
8.115232990578199329e-03
8.059244997832384905e-02
8.315609113802354541e-03
8.258238701482568944e-02
6.151004686218146389e-03
8.277176536325733802e-02
6.002787705827346103e-03
8.077726499305834529e-02
-6.002787705827319215e-03
8.077726499305834529e-02
-6.151004686218118633e-03
8.277176536325733802e-02
-8.315609113802325050e-03
8.258238701482567556e-02
-8.115232990578173308e-03
8.059244997832384905e-02
-1.993841673534842152e-02
7.850770368624711282e-02
-2.043072332140640629e-02
8.044616550566062452e-02
-2.252955733880115941e-02
7.988378462565272342e-02
-2.198667643907101232e-02
7.795887415274543875e-02
-3.326822706169164229e-02
7.385272552974418703e-02
-3.408966476691860370e-02
7.567624961689838059e-02
-3.605895636456660919e-02
7.475795386377478979e-02
-3.519006584975777757e-02
7.295655738512960009e-02
-4.558719914330055384e-02
6.695376967930227741e-02
-4.671280899869068720e-02
6.860694917755666422e-02
-4.849272224790703717e-02
6.736064050309603646e-02
-4.732422291663217206e-02
6.573749253916601198e-02
-5.652102724717607968e-02
5.802045741739701723e-02
-5.791660816685945123e-02
5.945306130424633101e-02
-5.945306130424630325e-02
5.791660816685945817e-02
-5.802045741739699641e-02
5.652102724717610049e-02
-6.573749253916599811e-02
4.732422291663218594e-02
-6.736064050309602258e-02
4.849272224790705799e-02
-6.860694917755665034e-02
4.671280899869070802e-02
-6.695376967930227741e-02
4.558719914330056772e-02
-7.295655738512961397e-02
3.519006584975779145e-02
-7.475795386377478979e-02
3.605895636456663000e-02
-7.567624961689835283e-02
3.408966476691861064e-02
-7.385272552974417315e-02
3.326822706169165617e-02
-7.795887415274543875e-02
2.198667643907100538e-02
-7.988378462565270954e-02
2.252955733880115247e-02
-8.044616550566063840e-02
2.043072332140644098e-02
-7.850770368624712670e-02
1.993841673534845621e-02
-8.059244997832384905e-02
8.115232990578187186e-03
-8.258238701482567556e-02
8.315609113802340663e-03
-8.277176536325731027e-02
6.151004686218168940e-03
-8.077726499305831753e-02
6.002787705827368654e-03
-8.077726499305834529e-02
-6.002787705827299265e-03
-8.277176536325733802e-02
-6.151004686218097817e-03
-8.258238701482567556e-02
-8.315609113802304234e-03
-8.059244997832384905e-02
-8.115232990578150757e-03
-7.850770368624711282e-02
-1.993841673534841458e-02
-8.044616550566063840e-02
-2.043072332140640629e-02
-7.988378462565272342e-02
-2.252955733880115594e-02
-7.795887415274543875e-02
-2.198667643907097069e-02
-7.385272552974420091e-02
-3.326822706169162841e-02
-7.567624961689838059e-02
-3.408966476691858288e-02
-7.475795386377480367e-02
-3.605895636456659531e-02
-7.295655738512962785e-02
-3.519006584975776369e-02
-6.695376967930227741e-02
-4.558719914330056772e-02
-6.860694917755666422e-02
-4.671280899869068026e-02
-6.736064050309603646e-02
-4.849272224790702329e-02
-6.573749253916599811e-02
-4.732422291663218594e-02
-5.802045741739701723e-02
-5.652102724717607274e-02
-5.945306130424633101e-02
-5.791660816685944430e-02
-5.791660816685945817e-02
-5.945306130424627550e-02
-5.652102724717610743e-02
-5.802045741739697560e-02
-4.732422291663223451e-02
-6.573749253916598423e-02
-4.849272224790707880e-02
-6.736064050309602258e-02
-4.671280899869071496e-02
-6.860694917755663647e-02
-4.558719914330058853e-02
-6.695376967930226353e-02
-3.519006584975784696e-02
-7.295655738512958621e-02
-3.605895636456665082e-02
-7.475795386377478979e-02
-3.408966476691865227e-02
-7.567624961689833896e-02
-3.326822706169169086e-02
-7.385272552974415927e-02
-2.198667643907107477e-02
-7.795887415274539711e-02
-2.252955733880122879e-02
-7.988378462565270954e-02
-2.043072332140647568e-02
-8.044616550566058288e-02
-1.993841673534848744e-02
-7.850770368624707118e-02
-8.115232990578261779e-03
-8.059244997832382129e-02
-8.315609113802416991e-03
-8.258238701482566169e-02
-6.151004686218136848e-03
-8.277176536325733802e-02
-6.002787705827337429e-03
-8.077726499305834529e-02
6.002787705827311408e-03
-8.077726499305834529e-02
6.151004686218110827e-03
-8.277176536325733802e-02
8.315609113802316377e-03
-8.258238701482567556e-02
8.115232990578164635e-03
-8.059244997832384905e-02
1.993841673534839029e-02
-7.850770368624709894e-02
2.043072332140637506e-02
-8.044616550566061064e-02
2.252955733880113165e-02
-7.988378462565273730e-02
2.198667643907098457e-02
-7.795887415274543875e-02
3.326822706169160065e-02
-7.385272552974420091e-02
3.408966476691855513e-02
-7.567624961689838059e-02
3.605895636456657449e-02
-7.475795386377481755e-02
3.519006584975774288e-02
-7.295655738512964172e-02
4.558719914330049139e-02
-6.695376967930233292e-02
4.671280899869063169e-02
-6.860694917755670585e-02
4.849272224790705799e-02
-6.736064050309602258e-02
4.732422291663218594e-02
-6.573749253916599811e-02
5.652102724717607968e-02
-5.802045741739701723e-02
5.791660816685945123e-02
-5.945306130424633101e-02
5.945306130424628938e-02
-5.791660816685945123e-02
5.802045741739698947e-02
-5.652102724717610049e-02
6.573749253916598423e-02
-4.732422291663223451e-02
6.736064050309602258e-02
-4.849272224790709268e-02
6.860694917755663647e-02
-4.671280899869070802e-02
6.695376967930226353e-02
-4.558719914330057466e-02
7.295655738512957234e-02
-3.519006584975783308e-02
7.475795386377476204e-02
-3.605895636456667164e-02
7.567624961689833896e-02
-3.408966476691865227e-02
7.385272552974415927e-02
-3.326822706169169780e-02
7.795887415274541099e-02
-2.198667643907108171e-02
7.988378462565270954e-02
-2.252955733880123573e-02
8.044616550566059676e-02
-2.043072332140648609e-02
7.850770368624707118e-02
-1.993841673534849784e-02
8.059244997832382129e-02
-8.115232990578268718e-03
8.258238701482566169e-02
-8.315609113802423930e-03
8.277176536325733802e-02
-6.151004686218142919e-03
8.077726499305834529e-02
-6.002787705827344368e-03
8.077726499305834529e-02
6.002787705827304469e-03
8.277176536325733802e-02
6.151004686218103888e-03
8.000000000000000167e-02
0.000000000000000000e+00
4.898587196589412767e-18
8.000000000000000167e-02
-8.000000000000000167e-02
9.797174393178825534e-18
-1.286498119741309379e-17
-8.000000000000000167e-02
7.358278137433775512e-02
-1.165436764549719964e-02
7.802737890701590129e-02
-1.235832273817823873e-02
7.802737890701590129e-02
1.235832273817823873e-02
7.358278137433775512e-02
1.165436764549719964e-02
6.955174177404152558e-02
2.669841224112486436e-02
7.375285369327894136e-02
2.831106801407871215e-02
6.139453095510070263e-02
4.971631089293715444e-02
5.789737412854432941e-02
4.688436913321288035e-02
4.688436913321290811e-02
5.789737412854431553e-02
4.971631089293718220e-02
6.139453095510068181e-02
2.831106801407872950e-02
7.375285369327894136e-02
2.669841224112487824e-02
6.955174177404152558e-02
1.165436764549720311e-02
7.358278137433775512e-02
1.235832273817824567e-02
7.802737890701590129e-02
-1.235832273817823700e-02
7.802737890701590129e-02
-1.165436764549719444e-02
7.358278137433775512e-02
-2.669841224112485395e-02
6.955174177404153946e-02
-2.831106801407870521e-02
7.375285369327894136e-02
-4.971631089293714750e-02
6.139453095510071651e-02
-4.688436913321287342e-02
5.789737412854434329e-02
-5.789737412854431553e-02
4.688436913321290811e-02
-6.139453095510068181e-02
4.971631089293718220e-02
-7.375285369327892748e-02
2.831106801407875379e-02
-6.955174177404151170e-02
2.669841224112489905e-02
-7.358278137433775512e-02
1.165436764549720831e-02
-7.802737890701587353e-02
1.235832273817824740e-02
-7.802737890701588741e-02
-1.235832273817821271e-02
-7.358278137433775512e-02
-1.165436764549720831e-02
-6.955174177404152558e-02
-2.669841224112486436e-02
-7.375285369327894136e-02
-2.831106801407871562e-02
-6.139453095510070263e-02
-4.971631089293715444e-02
-5.789737412854435716e-02
-4.688436913321285954e-02
-4.688436913321292199e-02
-5.789737412854429471e-02
-4.971631089293719608e-02
-6.139453095510066793e-02
-2.831106801407875725e-02
-7.375285369327892748e-02
-2.669841224112490252e-02
-6.955174177404151170e-02
-1.165436764549721178e-02
-7.358278137433775512e-02
-1.235832273817825261e-02
-7.802737890701587353e-02
1.235832273817822485e-02
-7.802737890701588741e-02
1.165436764549718750e-02
-7.358278137433775512e-02
2.669841224112481579e-02
-6.955174177404155333e-02
2.831106801407866358e-02
-7.375285369327896912e-02
4.971631089293711281e-02
-6.139453095510073732e-02
4.688436913321284566e-02
-5.789737412854436410e-02
5.789737412854430165e-02
-4.688436913321291505e-02
6.139453095510067487e-02
-4.971631089293718914e-02
7.375285369327892748e-02
-2.831106801407876072e-02
6.955174177404151170e-02
-2.669841224112490946e-02
7.760069280756642929e-02
1.480312385227224199e-02
7.318040017928729990e-02
1.395990793663648075e-02
5.980260939648875812e-02
5.162022771521832670e-02
5.639613164605584983e-02
4.867983499726284691e-02
2.598046509234808177e-02
7.460573324876100532e-02
2.450056518202445299e-02
7.035603958269233404e-02
-1.480312385227224546e-02
7.760069280756642929e-02
-1.395990793663648248e-02
7.318040017928729990e-02
-5.162022771521829895e-02
5.980260939648878588e-02
-4.867983499726282609e-02
5.639613164605587065e-02
-7.460573324876099144e-02
2.598046509234811993e-02
-7.035603958269232017e-02
2.450056518202449116e-02
-7.760069280756641541e-02
-1.480312385227220556e-02
-7.318040017928729990e-02
-1.395990793663647728e-02
-5.980260939648879281e-02
-5.162022771521829201e-02
-5.639613164605586371e-02
-4.867983499726283997e-02
-2.598046509234812340e-02
-7.460573324876099144e-02
-2.450056518202449463e-02
-7.035603958269232017e-02
1.480312385227221944e-02
-7.760069280756641541e-02
1.395990793663645993e-02
-7.318040017928729990e-02
5.162022771521827119e-02
-5.980260939648880669e-02
4.867983499726279834e-02
-5.639613164605589840e-02
7.460573324876097756e-02
-2.598046509234813381e-02
7.035603958269232017e-02
-2.450056518202449810e-02
7.318040017928729990e-02
-1.395990793663648075e-02
7.760069280756642929e-02
-1.480312385227224199e-02
7.035603958269233404e-02
2.450056518202444952e-02
7.460573324876100532e-02
2.598046509234807483e-02
4.867983499726287466e-02
5.639613164605583595e-02
5.162022771521835446e-02
5.980260939648873730e-02
1.395990793663649115e-02
7.318040017928729990e-02
1.480312385227225240e-02
7.760069280756640153e-02
-2.450056518202443218e-02
7.035603958269233404e-02
-2.598046509234805748e-02
7.460573324876100532e-02
-5.639613164605584289e-02
4.867983499726286772e-02
-5.980260939648874424e-02
5.162022771521834058e-02
-7.318040017928729990e-02
1.395990793663647728e-02
-7.760069280756642929e-02
1.480312385227224199e-02
-7.035603958269233404e-02
-2.450056518202445993e-02
-7.460573324876100532e-02
-2.598046509234808524e-02
-4.867983499726288160e-02
-5.639613164605583595e-02
-5.162022771521836140e-02
-5.980260939648873730e-02
-1.395990793663648248e-02
-7.318040017928729990e-02
-1.480312385227224546e-02
-7.760069280756642929e-02
2.450056518202440789e-02
-7.035603958269234792e-02
2.598046509234803320e-02
-7.460573324876101919e-02
5.639613164605583595e-02
-4.867983499726288160e-02
5.980260939648873730e-02
-5.162022771521836140e-02
3.500000000000000333e-02
0.000000000000000000e+00
2.143131898507868374e-18
3.500000000000000333e-02
-3.500000000000000333e-02
4.286263797015736749e-18
-5.628429273868228533e-18
-3.500000000000000333e-02
8.292100239129419903e-02
3.620409151322864609e-03
1.029019668229313594e-01
4.492796898629579025e-03
1.026080539034498057e-01
8.977041503008790710e-03
1.021188207215024679e-01
1.344419779866531071e-02
8.228992349402626527e-02
1.083367395426428070e-02
8.103256859095449294e-02
1.796448795686254180e-02
1.005584887333531297e-01
2.229328023562459141e-02
9.949036010777402572e-02
2.665836164555963547e-02
9.823284592706736651e-02
3.097269734894013415e-02
7.915850691210284118e-02
2.495858135885466872e-02
7.668200119843680829e-02
3.176272488630245416e-02
9.515959184866253084e-02
3.941639353360424508e-02
9.334970206477494203e-02
4.352968095929204279e-02
9.136211581735682874e-02
4.756010716320849263e-02
7.362189915379240002e-02
3.832513489850781357e-02
7.000149000246952413e-02
4.459586749278639239e-02
8.686931891872722022e-02
5.534185965972286680e-02
8.437266056176614959e-02
5.907837294415774210e-02
8.171539404999721146e-02
6.270242718789821590e-02
6.584832724417252758e-02
5.052719860772381111e-02
6.119401895524029245e-02
5.607398723209978258e-02
7.593956569144277857e-02
6.958579138441299550e-02
7.283199846221441454e-02
7.283199846221440066e-02
6.958579138441302325e-02
7.593956569144277857e-02
5.607398723209981034e-02
6.119401895524029245e-02
5.052719860772383886e-02
6.584832724417249983e-02
6.270242718789822978e-02
8.171539404999721146e-02
5.907837294415775597e-02
8.437266056176612183e-02
5.534185965972285293e-02
8.686931891872720635e-02
4.459586749278638546e-02
7.000149000246951025e-02
3.832513489850782745e-02
7.362189915379240002e-02
4.756010716320850651e-02
9.136211581735681486e-02
4.352968095929205666e-02
9.334970206477492816e-02
3.941639353360426590e-02
9.515959184866250309e-02
3.176272488630247498e-02
7.668200119843679441e-02
2.495858135885467566e-02
7.915850691210281342e-02
3.097269734894013762e-02
9.823284592706733875e-02
2.665836164555965976e-02
9.949036010777402572e-02
2.229328023562462263e-02
1.005584887333531435e-01
1.796448795686256261e-02
8.103256859095449294e-02
1.083367395426429285e-02
8.228992349402626527e-02
1.344419779866532806e-02
1.021188207215024818e-01
8.977041503008809792e-03
1.026080539034498057e-01
4.492796898629632801e-03
1.029019668229313594e-01
3.620409151322907977e-03
8.292100239129419903e-02
-3.620409151322878921e-03
8.292100239129419903e-02
-4.492796898629597240e-03
1.029019668229313594e-01
-8.977041503008776832e-03
1.026080539034498057e-01
-1.344419779866529337e-02
1.021188207215024957e-01
-1.083367395426426683e-02
8.228992349402629303e-02
-1.796448795686253139e-02
8.103256859095447906e-02
-2.229328023562458794e-02
1.005584887333531297e-01
-2.665836164555962159e-02
9.949036010777402572e-02
-3.097269734894010987e-02
9.823284592706735263e-02
-2.495858135885465484e-02
7.915850691210284118e-02
-3.176272488630244722e-02
7.668200119843680829e-02
-3.941639353360423814e-02
9.515959184866253084e-02
-4.352968095929203585e-02
9.334970206477495591e-02
-4.756010716320848569e-02
9.136211581735685650e-02
-3.832513489850780664e-02
7.362189915379241389e-02
-4.459586749278635076e-02
7.000149000246951025e-02
-5.534185965972282517e-02
8.686931891872723410e-02
-5.907837294415772822e-02
8.437266056176619122e-02
-6.270242718789818814e-02
8.171539404999722533e-02
-5.052719860772379029e-02
6.584832724417254146e-02
-5.607398723209977565e-02
6.119401895524032714e-02
-6.958579138441298162e-02
7.593956569144282021e-02
-7.283199846221440066e-02
7.283199846221440066e-02
-7.593956569144277857e-02
6.958579138441302325e-02
-6.119401895524029245e-02
5.607398723209981034e-02
-6.584832724417249983e-02
5.052719860772383886e-02
-8.171539404999718370e-02
6.270242718789824365e-02
-8.437266056176614959e-02
5.907837294415778373e-02
-8.686931891872720635e-02
5.534185965972288068e-02
-7.000149000246949638e-02
4.459586749278640627e-02
-7.362189915379238614e-02
3.832513489850784827e-02
-9.136211581735681486e-02
4.756010716320853426e-02
-9.334970206477494203e-02
4.352968095929204279e-02
-9.515959184866254472e-02
3.941639353360425896e-02
-7.668200119843682216e-02
3.176272488630246110e-02
-7.915850691210282730e-02
2.495858135885468260e-02
-9.823284592706733875e-02
3.097269734894014109e-02
-9.949036010777402572e-02
2.665836164555966670e-02
-1.005584887333531019e-01
2.229328023562462263e-02
-8.103256859095446518e-02
1.796448795686256608e-02
-8.228992349402626527e-02
1.083367395426431540e-02
-1.021188207215024818e-01
1.344419779866535582e-02
-1.026080539034498057e-01
8.977041503008841017e-03
-1.029019668229313178e-01
4.492796898629660557e-03
-8.292100239129419903e-02
3.620409151322931396e-03
-8.292100239129419903e-02
-3.620409151322820807e-03
-1.029019668229313456e-01
-4.492796898629524381e-03
-1.026080539034498057e-01
-8.977041503008749077e-03
-1.021188207215024957e-01
-1.344419779866526388e-02
-8.228992349402629303e-02
-1.083367395426424427e-02
-8.103256859095447906e-02
-1.796448795686248975e-02
-1.005584887333531435e-01
-2.229328023562453590e-02
-9.949036010777403960e-02
-2.665836164555957302e-02
-9.823284592706739426e-02
-3.097269734894006130e-02
-7.915850691210286894e-02
-2.495858135885462015e-02
-7.668200119843683604e-02
-3.176272488630239171e-02
-9.515959184866257248e-02
-3.941639353360417569e-02
-9.334970206477496979e-02
-4.352968095929200809e-02
-9.136211581735687037e-02
-4.756010716320845794e-02
-7.362189915379242777e-02
-3.832513489850778582e-02
-7.000149000246951025e-02
-4.459586749278637158e-02
-8.686931891872722022e-02
-5.534185965972284599e-02
-8.437266056176619122e-02
-5.907837294415770046e-02
-8.171539404999721146e-02
-6.270242718789818814e-02
-6.584832724417252758e-02
-5.052719860772379723e-02
-6.119401895524031326e-02
-5.607398723209978258e-02
-7.593956569144279245e-02
-6.958579138441298162e-02
-7.283199846221440066e-02
-7.283199846221440066e-02
-6.958579138441302325e-02
-7.593956569144273694e-02
-5.607398723209982422e-02
-6.119401895524027163e-02
-5.052719860772384580e-02
-6.584832724417249983e-02
-6.270242718789821590e-02
-8.171539404999721146e-02
-5.907837294415777679e-02
-8.437266056176610796e-02
-5.534185965972290844e-02
-8.686931891872720635e-02
-4.459586749278642015e-02
-7.000149000246949638e-02
-3.832513489850786909e-02
-7.362189915379237226e-02
-4.756010716320852733e-02
-9.136211581735682874e-02
-4.352968095929210524e-02
-9.334970206477490040e-02
-3.941639353360430059e-02
-9.515959184866250309e-02
-3.176272488630250274e-02
-7.668200119843678053e-02
-2.495858135885473117e-02
-7.915850691210284118e-02
-3.097269734894020354e-02
-9.823284592706735263e-02
-2.665836164555970833e-02
-9.949036010777401184e-02
-2.229328023562467120e-02
-1.005584887333530880e-01
-1.796448795686260425e-02
-8.103256859095445130e-02
-1.083367395426435703e-02
-8.228992349402625139e-02
-1.344419779866540612e-02
-1.021188207215024540e-01
-8.977041503008799384e-03
-1.026080539034498057e-01
-4.492796898629619791e-03
-1.029019668229313594e-01
-3.620409151322897569e-03
-8.292100239129419903e-02
3.620409151322871114e-03
-8.292100239129419903e-02
4.492796898629586831e-03
-1.029019668229313594e-01
8.977041503008764689e-03
-1.026080539034498057e-01
1.344419779866528122e-02
-1.021188207215024957e-01
1.083367395426425815e-02
-8.228992349402629303e-02
1.796448795686250363e-02
-8.103256859095447906e-02
2.229328023562455324e-02
-1.005584887333531435e-01
2.665836164555959037e-02
-9.949036010777403960e-02
3.097269734894007864e-02
-9.823284592706738039e-02
2.495858135885462709e-02
-7.915850691210285506e-02
3.176272488630240559e-02
-7.668200119843682216e-02
3.941639353360418957e-02
-9.515959184866255860e-02
4.352968095929198034e-02
-9.334970206477496979e-02
4.756010716320843712e-02
-9.136211581735688425e-02
3.832513489850776500e-02
-7.362189915379242777e-02
4.459586749278632994e-02
-7.000149000246955189e-02
5.534185965972279742e-02
-8.686931891872727574e-02
5.907837294415774904e-02
-8.437266056176613571e-02
6.270242718789821590e-02
-8.171539404999721146e-02
5.052719860772381805e-02
-6.584832724417252758e-02
5.607398723209979646e-02
-6.119401895524029938e-02
6.958579138441299550e-02
-7.593956569144279245e-02
7.283199846221440066e-02
-7.283199846221440066e-02
7.593956569144273694e-02
-6.958579138441302325e-02
6.119401895524027163e-02
-5.607398723209982422e-02
6.584832724417249983e-02
-5.052719860772383886e-02
8.171539404999718370e-02
-6.270242718789824365e-02
8.437266056176612183e-02
-5.907837294415776291e-02
8.686931891872720635e-02
-5.534185965972290150e-02
7.000149000246949638e-02
-4.459586749278641321e-02
7.362189915379238614e-02
-3.832513489850785521e-02
9.136211581735681486e-02
-4.756010716320854120e-02
9.334970206477492816e-02
-4.352968095929210524e-02
9.515959184866250309e-02
-3.941639353360430753e-02
7.668200119843678053e-02
-3.176272488630250274e-02
7.915850691210284118e-02
-2.495858135885473464e-02
9.823284592706735263e-02
-3.097269734894020701e-02
9.949036010777402572e-02
-2.665836164555971180e-02
1.005584887333530880e-01
-2.229328023562468508e-02
8.103256859095445130e-02
-1.796448795686261118e-02
8.228992349402625139e-02
-1.083367395426436397e-02
1.021188207215024540e-01
-1.344419779866541480e-02
1.026080539034498057e-01
-8.977041503008806322e-03
1.029019668229313594e-01
-4.492796898629628465e-03
8.292100239129419903e-02
-3.620409151322904941e-03
1.199999999999999956e-01
0.000000000000000000e+00
7.347880794884118380e-18
1.199999999999999956e-01
-1.199999999999999956e-01
1.469576158976823676e-17
-1.929747179611963760e-17
-1.199999999999999956e-01
7.976942799398886730e-02
1.406550239102133046e-02
7.611510228365858666e-02
2.770363160937912642e-02
7.014805770653954886e-02
4.049999999999994577e-02
6.204959989263724579e-02
5.206579638460965415e-02
5.206579638460977211e-02
6.204959989263715558e-02
4.050000000000003597e-02
7.014805770653949335e-02
2.770363160937920621e-02
7.611510228365857278e-02
1.406550239102136689e-02
7.976942799398886730e-02
4.093104553440185488e-17
8.100000000000000255e-02
-1.406550239102132178e-02
7.976942799398886730e-02
-2.770363160937912989e-02
7.611510228365860053e-02
-4.049999999999994577e-02
7.014805770653954886e-02
-5.206579638460962639e-02
6.204959989263726661e-02
-6.204959989263722497e-02
5.206579638460970966e-02
-7.014805770653953498e-02
4.050000000000003597e-02
-7.611510228365857278e-02
2.770363160937921315e-02
-7.976942799398885342e-02
1.406550239102142413e-02
-8.077726499305831753e-02
6.002787705827368654e-03
-7.976942799398886730e-02
-1.406550239102135128e-02
-7.611510228365862829e-02
-2.770363160937908131e-02
-7.014805770653954886e-02
-4.049999999999996658e-02
-6.204959989263725967e-02
-5.206579638460964721e-02
-5.206579638460972353e-02
-6.204959989263721110e-02
-4.050000000000004291e-02
-7.014805770653950723e-02
-2.770363160937924785e-02
-7.611510228365853115e-02
-1.406550239102146056e-02
-7.976942799398882566e-02
4.959819536546780292e-18
-8.100000000000000255e-02
1.406550239102132872e-02
-7.976942799398885342e-02
2.770363160937912642e-02
-7.611510228365860053e-02
4.049999999999995270e-02
-7.014805770653956274e-02
5.206579638460971660e-02
-6.204959989263719722e-02
6.204959989263725273e-02
-5.206579638460967496e-02
7.014805770653949335e-02
-4.050000000000004985e-02
7.611510228365857278e-02
-2.770363160937917846e-02
7.976942799398882566e-02
-1.406550239102148832e-02
8.100000000000001643e-02
-4.665018371596830777e-17
7.941670992784433114e-02
9.642934420425828407e-03
7.767534539408416094e-02
1.914525314300459177e-02
7.480129941483318334e-02
2.836839096340285082e-02
7.083648205225678840e-02
3.717785376350147414e-02
6.583870927149253205e-02
4.544517973849244996e-02
5.988085985368810787e-02
5.304981265926359685e-02
5.304981265926364542e-02
5.988085985368807318e-02
4.544517973849248466e-02
6.583870927149250429e-02
3.717785376350147414e-02
7.083648205225680228e-02
2.836839096340286470e-02
7.480129941483318334e-02
1.914525314300462647e-02
7.767534539408416094e-02
9.642934420425892592e-03
7.941670992784431726e-02
-9.642934420425868305e-03
7.941670992784433114e-02
-1.914525314300458483e-02
7.767534539408417482e-02
-2.836839096340285429e-02
7.480129941483318334e-02
-3.717785376350144638e-02
7.083648205225680228e-02
-4.544517973849244996e-02
6.583870927149253205e-02
-5.304981265926363154e-02
5.988085985368810094e-02
-5.988085985368807318e-02
5.304981265926363154e-02
-6.583870927149250429e-02
4.544517973849246384e-02
-7.083648205225680228e-02
3.717785376350146026e-02
-7.480129941483318334e-02
2.836839096340286817e-02
-7.767534539408416094e-02
1.914525314300461259e-02
-7.941670992784431726e-02
9.642934420425880448e-03
-7.941670992784431726e-02
-9.642934420425845754e-03
-7.767534539408416094e-02
-1.914525314300461259e-02
-7.480129941483319722e-02
-2.836839096340283695e-02
-7.083648205225680228e-02
-3.717785376350150189e-02
-6.583870927149251817e-02
-4.544517973849247078e-02
-5.988085985368812175e-02
-5.304981265926358991e-02
-5.304981265926362460e-02
-5.988085985368808706e-02
-4.544517973849248466e-02
-6.583870927149250429e-02
-3.717785376350148108e-02
-7.083648205225678840e-02
-2.836839096340285429e-02
-7.480129941483318334e-02
-1.914525314300463341e-02
-7.767534539408416094e-02
-9.642934420425866571e-03
-7.941670992784431726e-02
9.642934420425840550e-03
-7.941670992784431726e-02
1.914525314300460912e-02
-7.767534539408416094e-02
2.836839096340283348e-02
-7.480129941483319722e-02
3.717785376350148802e-02
-7.083648205225678840e-02
4.544517973849245690e-02
-6.583870927149251817e-02
5.304981265926359685e-02
-5.988085985368810787e-02
5.988085985368808012e-02
-5.304981265926363154e-02
6.583870927149250429e-02
-4.544517973849246384e-02
7.083648205225678840e-02
-3.717785376350150189e-02
7.480129941483318334e-02
-2.836839096340287858e-02
7.767534539408416094e-02
-1.914525314300462300e-02
7.941670992784431726e-02
-9.642934420425894326e-03
7.889173324561135625e-02
-4.134540543192525598e-03
7.889173324561134237e-02
4.134540543192613202e-03
7.439790033921574175e-02
3.899028740099355628e-03
7.439790033921575563e-02
-3.899028740099252412e-03
7.038951541088106501e-02
3.586524947942422437e-02
6.625497486768848476e-02
4.302648376618716658e-02
6.248095731193405861e-02
4.057560810861956385e-02
6.637998605203336566e-02
3.382229223059630280e-02
4.302648376618713882e-02
6.625497486768849864e-02
3.586524947942419661e-02
7.038951541088105113e-02
3.382229223059622647e-02
6.637998605203340730e-02
4.057560810861949446e-02
6.248095731193410718e-02
4.134540543192556823e-03
7.889173324561134237e-02
-4.134540543192564629e-03
7.889173324561134237e-02
-3.899028740099349122e-03
7.439790033921574175e-02
3.899028740099259351e-03
7.439790033921575563e-02
-3.586524947942419661e-02
7.038951541088106501e-02
-4.302648376618711107e-02
6.625497486768851252e-02
-4.057560810861957079e-02
6.248095731193405861e-02
-3.382229223059631668e-02
6.637998605203336566e-02
-6.625497486768851252e-02
4.302648376618712495e-02
-7.038951541088105113e-02
3.586524947942420355e-02
-6.637998605203339342e-02
3.382229223059624035e-02
-6.248095731193410024e-02
4.057560810861950140e-02
-7.889173324561134237e-02
4.134540543192525598e-03
-7.889173324561134237e-02
-4.134540543192490904e-03
-7.439790033921575563e-02
-3.899028740099313994e-03
-7.439790033921575563e-02
3.899028740099280167e-03
-7.038951541088105113e-02
-3.586524947942420355e-02
-6.625497486768849864e-02
-4.302648376618715964e-02
-6.248095731193407942e-02
-4.057560810861952916e-02
-6.637998605203337954e-02
-3.382229223059626810e-02
-4.302648376618711107e-02
-6.625497486768851252e-02
-3.586524947942419661e-02
-7.038951541088106501e-02
-3.382229223059626810e-02
-6.637998605203340730e-02
-4.057560810861951528e-02
-6.248095731193408636e-02
-4.134540543192598457e-03
-7.889173324561132850e-02
4.134540543192520394e-03
-7.889173324561134237e-02
3.899028740099341750e-03
-7.439790033921574175e-02
-3.899028740099249810e-03
-7.439790033921575563e-02
3.586524947942415498e-02
-7.038951541088107888e-02
4.302648376618706944e-02
-6.625497486768854027e-02
4.057560810861951528e-02
-6.248095731193408636e-02
3.382229223059625423e-02
-6.637998605203339342e-02
6.625497486768849864e-02
-4.302648376618715964e-02
7.038951541088105113e-02
-3.586524947942420355e-02
6.637998605203339342e-02
-3.382229223059626116e-02
6.248095731193407942e-02
-4.057560810861952222e-02
3.380740392011739176e-02
9.058666578588244964e-03
3.031088913245534588e-02
1.750000000000002248e-02
2.474873734152915200e-02
2.474873734152917976e-02
1.749999999999996697e-02
3.031088913245537711e-02
9.058666578588225882e-03
3.380740392011739176e-02
-9.058666578588238025e-03
3.380740392011739176e-02
-1.750000000000000513e-02
3.031088913245535282e-02
-2.474873734152918670e-02
2.474873734152914853e-02
-3.031088913245536670e-02
1.749999999999998779e-02
-3.380740392011739176e-02
9.058666578588220678e-03
-3.380740392011738482e-02
-9.058666578588250168e-03
-3.031088913245533548e-02
-1.750000000000003983e-02
-2.474873734152914159e-02
-2.474873734152919016e-02
-1.749999999999995309e-02
-3.031088913245538405e-02
-9.058666578588199861e-03
-3.380740392011739870e-02
9.058666578588250168e-03
-3.380740392011738482e-02
1.750000000000003289e-02
-3.031088913245533895e-02
2.474873734152919363e-02
-2.474873734152913465e-02
3.031088913245537017e-02
-1.749999999999998085e-02
3.380740392011739870e-02
-9.058666578588208534e-03
9.291148460711277923e-02
4.056603024976221383e-03
9.220437210776435966e-02
1.213893587646479311e-02
9.079552866215380436e-02
2.012888409624356487e-02
8.869567641958510384e-02
2.796563935389740144e-02
8.592079652354966957e-02
3.558955920995334615e-02
8.249200748557461438e-02
4.294262103085815657e-02
7.843540446059836524e-02
4.996886357625462266e-02
7.378186064708487646e-02
5.661481289781101350e-02
6.856679232334153551e-02
6.282988930825639251e-02
6.282988930825640639e-02
6.856679232334153551e-02
5.661481289781104126e-02
7.378186064708484870e-02
4.996886357625462266e-02
7.843540446059836524e-02
4.294262103085815657e-02
8.249200748557458662e-02
3.558955920995336697e-02
8.592079652354965569e-02
2.796563935389740491e-02
8.869567641958507609e-02
2.012888409624358915e-02
9.079552866215380436e-02
1.213893587646480872e-02
9.220437210776435966e-02
4.056603024976269956e-03
9.291148460711277923e-02
-4.056603024976237863e-03
9.291148460711277923e-02
-1.213893587646477923e-02
9.220437210776438741e-02
-2.012888409624355793e-02
9.079552866215380436e-02
-2.796563935389738409e-02
8.869567641958510384e-02
-3.558955920995334615e-02
8.592079652354966957e-02
-4.294262103085814269e-02
8.249200748557462826e-02
-4.996886357625458797e-02
7.843540446059837912e-02
-5.661481289781099269e-02
7.378186064708489034e-02
-6.282988930825636475e-02
6.856679232334157714e-02
-6.856679232334153551e-02
6.282988930825640639e-02
-7.378186064708484870e-02
5.661481289781104126e-02
-7.843540446059835136e-02
4.996886357625464348e-02
-8.249200748557460050e-02
4.294262103085819127e-02
-8.592079652354966957e-02
3.558955920995335309e-02
-8.869567641958507609e-02
2.796563935389741185e-02
-9.079552866215379048e-02
2.012888409624359609e-02
-9.220437210776435966e-02
1.213893587646483474e-02
-9.291148460711276535e-02
4.056603024976295976e-03
-9.291148460711277923e-02
-4.056603024976172811e-03
-9.220437210776438741e-02
-1.213893587646475494e-02
-9.079552866215381823e-02
-2.012888409624351282e-02
-8.869567641958513160e-02
-2.796563935389733899e-02
-8.592079652354969732e-02
-3.558955920995328370e-02
-8.249200748557464213e-02
-4.294262103085811494e-02
-7.843540446059836524e-02
-4.996886357625460878e-02
-7.378186064708487646e-02
-5.661481289781099963e-02
-6.856679232334154939e-02
-6.282988930825637863e-02
-6.282988930825642027e-02
-6.856679232334150775e-02
-5.661481289781102044e-02
-7.378186064708487646e-02
-4.996886357625466429e-02
-7.843540446059833748e-02
-4.294262103085817739e-02
-8.249200748557461438e-02
-3.558955920995340166e-02
-8.592079652354964181e-02
-2.796563935389743960e-02
-8.869567641958508997e-02
-2.012888409624363772e-02
-9.079552866215376272e-02
-1.213893587646488158e-02
-9.220437210776435966e-02
-4.056603024976258680e-03
-9.291148460711277923e-02
4.056603024976228322e-03
-9.291148460711277923e-02
1.213893587646476882e-02
-9.220437210776438741e-02
2.012888409624353017e-02
-9.079552866215381823e-02
2.796563935389735286e-02
-8.869567641958511772e-02
3.558955920995329064e-02
-8.592079652354968344e-02
4.294262103085810106e-02
-8.249200748557465601e-02
4.996886357625456021e-02
-7.843540446059840687e-02
5.661481289781102044e-02
-7.378186064708487646e-02
6.282988930825639251e-02
-6.856679232334153551e-02
6.856679232334150775e-02
-6.282988930825642027e-02
7.378186064708484870e-02
-5.661481289781104126e-02
7.843540446059835136e-02
-4.996886357625465042e-02
8.249200748557460050e-02
-4.294262103085819127e-02
8.592079652354964181e-02
-3.558955920995340860e-02
8.869567641958508997e-02
-2.796563935389746736e-02
9.079552866215376272e-02
-2.012888409624364813e-02
9.220437210776435966e-02
-1.213893587646488852e-02
9.291148460711277923e-02
-4.056603024976266486e-03
1.195901391608003711e-01
9.909521456679840773e-03
1.183633564083266809e-01
1.975135083368806041e-02
1.163280319127196344e-01
2.945825845689585554e-02
1.134980690040761631e-01
3.896393630456199825e-02
1.098927991986069080e-01
4.820345095835630589e-02
1.055368501447786905e-01
5.711368716444881893e-02
1.004599773915034328e-01
6.563377897469120648e-02
9.469686112756724172e-02
7.370552552276013469e-02
8.828686928077579543e-02
8.127378859508892217e-02
8.127378859508892217e-02
8.828686928077578155e-02
7.370552552276014857e-02
9.469686112756721397e-02
6.563377897469124811e-02
1.004599773915034189e-01
5.711368716444878424e-02
1.055368501447787044e-01
4.820345095835639609e-02
1.098927991986068525e-01
3.896393630456202600e-02
1.134980690040761492e-01
2.945825845689590758e-02
1.163280319127196344e-01
1.975135083368805000e-02
1.183633564083266809e-01
9.909521456679939652e-03
1.195901391608003711e-01
-9.909521456679899754e-03
1.195901391608003711e-01
-1.975135083368800837e-02
1.183633564083266670e-01
-2.945825845689586595e-02
1.163280319127196483e-01
-3.896393630456198437e-02
1.134980690040761631e-01
-4.820345095835632671e-02
1.098927991986068803e-01
-5.711368716444877730e-02
1.055368501447787183e-01
-6.563377897469120648e-02
1.004599773915034466e-01
-7.370552552276013469e-02
9.469686112756724172e-02
-8.127378859508893605e-02
8.828686928077576768e-02
-8.828686928077575380e-02
8.127378859508896380e-02
-9.469686112756721397e-02
7.370552552276014857e-02
-1.004599773915034189e-01
6.563377897469122035e-02
-1.055368501447787044e-01
5.711368716444879118e-02
-1.098927991986068664e-01
4.820345095835637528e-02
-1.134980690040761492e-01
3.896393630456203294e-02
-1.163280319127196483e-01
2.945825845689588676e-02
-1.183633564083266809e-01
1.975135083368802918e-02
-1.195901391608003711e-01
9.909521456679922305e-03
-1.195901391608003711e-01
-9.909521456679922305e-03
-1.183633564083266809e-01
-1.975135083368808470e-02
-1.163280319127196483e-01
-2.945825845689594227e-02
-1.134980690040761492e-01
-3.896393630456203294e-02
-1.098927991986068664e-01
-4.820345095835637528e-02
-1.055368501447786489e-01
-5.711368716444888832e-02
-1.004599773915033911e-01
-6.563377897469126199e-02
-9.469686112756718621e-02
-7.370552552276019020e-02
-8.828686928077575380e-02
-8.127378859508896380e-02
-8.127378859508886666e-02
-8.828686928077585094e-02
-7.370552552276003755e-02
-9.469686112756729723e-02
-6.563377897469115096e-02
-1.004599773915034744e-01
-5.711368716444872873e-02
-1.055368501447787322e-01
-4.820345095835618099e-02
-1.098927991986069497e-01
-3.896393630456185947e-02
-1.134980690040762047e-01
-2.945825845689573758e-02
-1.163280319127196760e-01
-1.975135083368795633e-02
-1.183633564083266948e-01
-9.909521456679847712e-03
-1.195901391608003711e-01
9.909521456679887610e-03
-1.195901391608003711e-01
1.975135083368807776e-02
-1.183633564083266809e-01
2.945825845689593533e-02
-1.163280319127196483e-01
3.896393630456208151e-02
-1.134980690040761353e-01
4.820345095835639609e-02
-1.098927991986068525e-01
5.711368716444888138e-02
-1.055368501447786628e-01
6.563377897469128974e-02
-1.004599773915033634e-01
7.370552552276023184e-02
-9.469686112756715846e-02
8.127378859508897768e-02
-8.828686928077575380e-02
8.828686928077586482e-02
-8.127378859508885278e-02
9.469686112756732499e-02
-7.370552552276002367e-02
1.004599773915034883e-01
-6.563377897469112321e-02
1.055368501447787322e-01
-5.711368716444872179e-02
1.098927991986069497e-01
-4.820345095835618793e-02
1.134980690040761908e-01
-3.896393630456190110e-02
1.163280319127196899e-01
-2.945825845689572370e-02
1.183633564083266809e-01
-1.975135083368798755e-02
1.195901391608003711e-01
-9.909521456679826895e-03
