2.233778293532810681e-316
1.642632305556409248e-316
0.000000000000000000e+00
0.000000000000000000e+00
-9.242098366086575953e-05
2.970462864806835377e-05
6.812675119978616367e-05
0.000000000000000000e+00
0.000000000000000000e+00
1.205100979953050501e-04
-1.385529050245677077e-06
5.977026146625905647e-05
1.335674770038131477e-04
-5.578719595921170017e-06
4.836438886230365818e-05
0.000000000000000000e+00
-5.019692120567912665e-05
1.060340988933225758e-04
9.166302681188208032e-05
-3.688340965819602379e-06
1.979440237948347828e-04
-1.021078000602145881e-04
1.309047636389597030e-04
-1.718549448895917455e-05
0.000000000000000000e+00
1.710102101939965711e-04
2.812237563085421345e-05
5.464136732663047146e-05
1.452412479847602230e-04
-5.992562111343044265e-05
-3.022426904326423031e-05
1.108730982232967722e-04
8.772286063704148960e-05
-6.685214939122356075e-07
2.015544301994680917e-04
1.680278584428701290e-04
3.066147775755073484e-05
5.493269219782960825e-05
1.431897485148590635e-04
-5.658439318772194294e-05
-2.465897443651299254e-05
1.103123808358033196e-04
8.700765930424013829e-05
7.494625432507263339e-08
1.978508556782148731e-04
1.647230610777288950e-04
3.201456745712499927e-05
5.508813203179395039e-05
1.415719267158157971e-04
-5.420012653128043767e-05
-2.166987847515191768e-05
1.092522833112550477e-04
8.677390979643208400e-05
9.771976180439146122e-07
1.950914700365690129e-04
1.624004320056465507e-04
3.299213180033193165e-05
5.505623395430975822e-05
1.403992202559101719e-04
-5.225931476965723412e-05
-1.984287410109292308e-05
1.083430363740167570e-04
8.665406765044160518e-05
1.702694966645161885e-06
1.931615327812825412e-04
1.608757725496775170e-04
3.362771478970422753e-05
5.498105312459342293e-05
1.395795378543498435e-04
-5.093318538647807536e-05
-1.879766618500279529e-05
1.077150263133341151e-04
8.655177727391991538e-05
2.166069916701979858e-06
1.919243525305979218e-04
1.599842628175769243e-04
3.396694841483343687e-05
5.490759882359090094e-05
1.390482385768724378e-04
-5.017587741958081862e-05
-1.827070600910233548e-05
1.073591770500311436e-04
8.646661347975840293e-05
2.417141501959639833e-06
1.912297444440168293e-04
1.595709881452502682e-04
3.414212004385353265e-05
5.488897555079040499e-05
1.387723280332342620e-04
-4.979268957431792178e-05
-1.801365443720706800e-05
1.072436750634663249e-04
8.645355135091303887e-05
2.566433397631275048e-06
1.909428504677928315e-04
1.594839484123034218e-04
3.425450770271110427e-05
5.494182603719783219e-05
1.387072167223896125e-04
-4.961632408524032067e-05
-1.793159051718978852e-05
1.072553439516172306e-04
8.649690550063685382e-05
2.650316516041274267e-06
1.909108936880084706e-04
