0.000000000000000000e+00
0.000000000000000000e+00
0.000000000000000000e+00
-1.264688297670688294e-05
-6.646540144189718179e-06
0.000000000000000000e+00
0.000000000000000000e+00
0.000000000000000000e+00
0.000000000000000000e+00
0.000000000000000000e+00
0.000000000000000000e+00
0.000000000000000000e+00
-9.242098366086575953e-05
1.057126392109448564e-04
0.000000000000000000e+00
2.970462864806835377e-05
3.702252866254711469e-05
0.000000000000000000e+00
6.812675119978616367e-05
5.368284986783424797e-05
0.000000000000000000e+00
0.000000000000000000e+00
0.000000000000000000e+00
0.000000000000000000e+00
0.000000000000000000e+00
0.000000000000000000e+00
0.000000000000000000e+00
1.205100979953050501e-04
1.583779758958458420e-04
0.000000000000000000e+00
-1.385529050245677077e-06
2.926915445360435148e-04
0.000000000000000000e+00
5.977026146625905647e-05
9.758481850693435564e-05
0.000000000000000000e+00
1.335674770038131477e-04
2.469034661067836807e-04
0.000000000000000000e+00
-5.578719595921170017e-06
-2.110570637037682826e-05
0.000000000000000000e+00
4.836438886230365818e-05
-4.822301645748974477e-05
0.000000000000000000e+00
0.000000000000000000e+00
0.000000000000000000e+00
0.000000000000000000e+00
-5.019692120567912665e-05
5.227487143997851683e-04
0.000000000000000000e+00
1.060340988933225758e-04
2.316412009074082909e-04
0.000000000000000000e+00
9.166302681188208032e-05
5.093754287775951973e-04
0.000000000000000000e+00
-3.688340965819602379e-06
2.325283472163184348e-04
0.000000000000000000e+00
1.979440237948347828e-04
4.993370505636737788e-04
0.000000000000000000e+00
-1.021078000602145881e-04
8.170028826745623157e-05
0.000000000000000000e+00
1.309047636389597030e-04
1.893278950889083119e-05
0.000000000000000000e+00
-1.718549448895917455e-05
-6.428513612509212686e-05
0.000000000000000000e+00
0.000000000000000000e+00
0.000000000000000000e+00
0.000000000000000000e+00
1.710102101939965711e-04
3.277420694510476220e-04
0.000000000000000000e+00
2.812237563085421345e-05
7.287223033612842335e-04
0.000000000000000000e+00
5.464136732663047146e-05
3.287105019927229589e-04
0.000000000000000000e+00
1.452412479847602230e-04
7.242105842698326901e-04
0.000000000000000000e+00
-5.992562111343044265e-05
3.313418160889683461e-04
0.000000000000000000e+00
-3.022426904326423031e-05
9.201185827266332657e-04
0.000000000000000000e+00
1.108730982232967722e-04
4.039261662714420170e-04
0.000000000000000000e+00
8.772286063704148960e-05
9.169961709286438521e-04
0.000000000000000000e+00
-6.685214939122356075e-07
4.064404742365846724e-04
0.000000000000000000e+00
2.015544301994680917e-04
9.165239218363184677e-04
0.000000000000000000e+00
1.680278584428701290e-04
4.600560630921863431e-04
0.000000000000000000e+00
3.066147775755073484e-05
1.087868127722505397e-03
0.000000000000000000e+00
5.493269219782960825e-05
4.611431247489182939e-04
0.000000000000000000e+00
1.431897485148590635e-04
1.086520270295471442e-03
0.000000000000000000e+00
-5.658439318772194294e-05
4.622357707361920130e-04
0.000000000000000000e+00
-2.465897443651299254e-05
1.237502505598077644e-03
0.000000000000000000e+00
1.103123808358033196e-04
4.990192153010936452e-04
0.000000000000000000e+00
8.700765930424013829e-05
1.236621897838573701e-03
0.000000000000000000e+00
7.494625432507263339e-08
4.999473075376830800e-04
0.000000000000000000e+00
1.978508556782148731e-04
1.236507161156789056e-03
0.000000000000000000e+00
1.647230610777288950e-04
5.213763276097231397e-04
0.000000000000000000e+00
3.201456745712499927e-05
1.369161258958001125e-03
0.000000000000000000e+00
5.508813203179395039e-05
5.217908683165159694e-04
0.000000000000000000e+00
1.415719267158157971e-04
1.368822473934148661e-03
0.000000000000000000e+00
-5.420012653128043767e-05
5.221751300704508773e-04
0.000000000000000000e+00
-2.166987847515191768e-05
1.485786277641572501e-03
0.000000000000000000e+00
1.092522833112550477e-04
5.298178248752874594e-04
0.000000000000000000e+00
8.677390979643208400e-05
1.485602262106345888e-03
0.000000000000000000e+00
9.771976180439146122e-07
5.301544057057171969e-04
0.000000000000000000e+00
1.950914700365690129e-04
1.485628224624387138e-03
0.000000000000000000e+00
1.624004320056465507e-04
5.255802379433937134e-04
0.000000000000000000e+00
3.299213180033193165e-05
1.588830490168909862e-03
0.000000000000000000e+00
5.505623395430975822e-05
5.257426472480606445e-04
0.000000000000000000e+00
1.403992202559101719e-04
1.588816666896175275e-03
0.000000000000000000e+00
-5.225931476965723412e-05
5.258990543752379556e-04
0.000000000000000000e+00
-1.984287410109292308e-05
1.680294870975405658e-03
0.000000000000000000e+00
1.083430363740167570e-04
5.106687547878376292e-04
0.000000000000000000e+00
8.665406765044160518e-05
1.680308031160097654e-03
0.000000000000000000e+00
1.702694966645161885e-06
5.108182234602324286e-04
0.000000000000000000e+00
1.931615327812825412e-04
1.680380750509406556e-03
0.000000000000000000e+00
1.608757725496775170e-04
4.864646928998637163e-04
0.000000000000000000e+00
3.362771478970422753e-05
1.761914920239379982e-03
0.000000000000000000e+00
5.498105312459342293e-05
4.865574114076275125e-04
0.000000000000000000e+00
1.395795378543498435e-04
1.761993941625408398e-03
0.000000000000000000e+00
-5.093318538647807536e-05
4.866532589711910399e-04
0.000000000000000000e+00
-1.879766618500279529e-05
1.835321389896677011e-03
0.000000000000000000e+00
1.077150263133341151e-04
4.546517985208980940e-04
0.000000000000000000e+00
8.655177727391991538e-05
1.835386056635854692e-03
0.000000000000000000e+00
2.166069916701979858e-06
4.547559548273046167e-04
0.000000000000000000e+00
1.919243525305979218e-04
1.835468164082795350e-03
0.000000000000000000e+00
1.599842628175769243e-04
4.165165876519703468e-04
0.000000000000000000e+00
3.396694841483343687e-05
1.902154933347578996e-03
0.000000000000000000e+00
5.490759882359090094e-05
4.165728974610929990e-04
0.000000000000000000e+00
1.390482385768724378e-04
1.902234616505392136e-03
0.000000000000000000e+00
-5.017587741958081862e-05
4.166434555728082802e-04
0.000000000000000000e+00
-1.827070600910233548e-05
1.963744772933849209e-03
0.000000000000000000e+00
1.073591770500311436e-04
3.734571690796311544e-04
0.000000000000000000e+00
8.646661347975840293e-05
1.963775624078150771e-03
0.000000000000000000e+00
2.417141501959639833e-06
3.734977587027910008e-04
0.000000000000000000e+00
1.912297444440168293e-04
1.963812827348808930e-03
0.000000000000000000e+00
1.595709881452502682e-04
3.266007007711076160e-04
0.000000000000000000e+00
3.414212004385353265e-05
2.021423061674324558e-03
0.000000000000000000e+00
5.488897555079040499e-05
3.265840444608299176e-04
0.000000000000000000e+00
1.387723280332342620e-04
2.021417941581245877e-03
0.000000000000000000e+00
-4.979268957431792178e-05
3.265863780591074235e-04
0.000000000000000000e+00
-1.801365443720706800e-05
2.076321461722631379e-03
0.000000000000000000e+00
1.072436750634663249e-04
2.770375736851906040e-04
0.000000000000000000e+00
8.645355135091303887e-05
2.076282778808038933e-03
0.000000000000000000e+00
2.566433397631275048e-06
2.769918185055708073e-04
0.000000000000000000e+00
1.909428504677928315e-04
2.076256002237166030e-03
0.000000000000000000e+00
1.594839484123034218e-04
2.257994089240340091e-04
0.000000000000000000e+00
3.425450770271110427e-05
2.129471334656194651e-03
0.000000000000000000e+00
5.494182603719783219e-05
2.257485201644266219e-04
0.000000000000000000e+00
1.387072167223896125e-04
2.129415740499856699e-03
0.000000000000000000e+00
-4.961632408524032067e-05
2.257080429443195156e-04
0.000000000000000000e+00
-1.793159051718978852e-05
2.181869090870994666e-03
0.000000000000000000e+00
1.072553439516172306e-04
1.737314715941281360e-04
0.000000000000000000e+00
8.649690550063685382e-05
2.181854430432276625e-03
0.000000000000000000e+00
2.650316516041274267e-06
1.736664294842793315e-04
0.000000000000000000e+00
1.909108936880084706e-04
2.181785372247413771e-03
0.000000000000000000e+00
