2.233504778791272967e-316
1.642632305556409248e-316
0.000000000000000000e+00
0.000000000000000000e+00
1.057126392109448564e-04
3.702252866254711469e-05
5.368284986783424797e-05
0.000000000000000000e+00
0.000000000000000000e+00
1.583779758958458420e-04
2.926915445360435148e-04
9.758481850693435564e-05
2.469034661067836807e-04
-2.110570637037682826e-05
-4.822301645748974477e-05
0.000000000000000000e+00
5.227487143997851683e-04
2.316412009074082909e-04
5.093754287775951973e-04
2.325283472163184348e-04
4.993370505636737788e-04
8.170028826745623157e-05
1.893278950889083119e-05
-6.428513612509212686e-05
0.000000000000000000e+00
3.277420694510476220e-04
7.287223033612842335e-04
3.287105019927229589e-04
7.242105842698326901e-04
3.313418160889683461e-04
9.201185827266332657e-04
4.039261662714420170e-04
9.169961709286438521e-04
4.064404742365846724e-04
9.165239218363184677e-04
4.600560630921863431e-04
1.087868127722505397e-03
4.611431247489182939e-04
1.086520270295471442e-03
4.622357707361920130e-04
1.237502505598077644e-03
4.990192153010936452e-04
1.236621897838573701e-03
4.999473075376830800e-04
1.236507161156789056e-03
5.213763276097231397e-04
1.369161258958001125e-03
5.217908683165159694e-04
1.368822473934148661e-03
5.221751300704508773e-04
1.485786277641572501e-03
5.298178248752874594e-04
1.485602262106345888e-03
5.301544057057171969e-04
1.485628224624387138e-03
5.255802379433937134e-04
1.588830490168909862e-03
5.257426472480606445e-04
1.588816666896175275e-03
5.258990543752379556e-04
1.680294870975405658e-03
5.106687547878376292e-04
1.680308031160097654e-03
5.108182234602324286e-04
1.680380750509406556e-03
4.864646928998637163e-04
1.761914920239379982e-03
4.865574114076275125e-04
1.761993941625408398e-03
4.866532589711910399e-04
1.835321389896677011e-03
4.546517985208980940e-04
1.835386056635854692e-03
4.547559548273046167e-04
1.835468164082795350e-03
4.165165876519703468e-04
1.902154933347578996e-03
4.165728974610929990e-04
1.902234616505392136e-03
4.166434555728082802e-04
1.963744772933849209e-03
3.734571690796311544e-04
1.963775624078150771e-03
3.734977587027910008e-04
1.963812827348808930e-03
3.266007007711076160e-04
2.021423061674324558e-03
3.265840444608299176e-04
2.021417941581245877e-03
3.265863780591074235e-04
2.076321461722631379e-03
2.770375736851906040e-04
2.076282778808038933e-03
2.769918185055708073e-04
2.076256002237166030e-03
2.257994089240340091e-04
2.129471334656194651e-03
2.257485201644266219e-04
2.129415740499856699e-03
2.257080429443195156e-04
2.181869090870994666e-03
1.737314715941281360e-04
2.181854430432276625e-03
1.736664294842793315e-04
2.181785372247413771e-03
