0.000000000000000000e+00
0.000000000000000000e+00
0.000000000000000000e+00
0.000000000000000000e+00
0.000000000000000000e+00
1.544881513383637510e-06
0.000000000000000000e+00
0.000000000000000000e+00
0.000000000000000000e+00
0.000000000000000000e+00
0.000000000000000000e+00
0.000000000000000000e+00
0.000000000000000000e+00
0.000000000000000000e+00
0.000000000000000000e+00
0.000000000000000000e+00
0.000000000000000000e+00
-2.570696636861049018e-05
0.000000000000000000e+00
0.000000000000000000e+00
7.786240142709015087e-06
0.000000000000000000e+00
0.000000000000000000e+00
-1.133571171472942717e-06
0.000000000000000000e+00
0.000000000000000000e+00
0.000000000000000000e+00
0.000000000000000000e+00
0.000000000000000000e+00
-1.086994532392851303e-04
0.000000000000000000e+00
0.000000000000000000e+00
-6.827668610431716738e-05
0.000000000000000000e+00
0.000000000000000000e+00
-6.632208787951821688e-05
0.000000000000000000e+00
0.000000000000000000e+00
0.000000000000000000e+00
0.000000000000000000e+00
0.000000000000000000e+00
1.353532356129022319e-05
0.000000000000000000e+00
0.000000000000000000e+00
1.573411128122919822e-05
0.000000000000000000e+00
0.000000000000000000e+00
0.000000000000000000e+00
0.000000000000000000e+00
0.000000000000000000e+00
-2.409191013018750663e-04
0.000000000000000000e+00
0.000000000000000000e+00
-2.391822864963691103e-04
0.000000000000000000e+00
0.000000000000000000e+00
-1.750132513448339293e-04
0.000000000000000000e+00
0.000000000000000000e+00
-1.681861743482154900e-04
0.000000000000000000e+00
0.000000000000000000e+00
-1.050626888781841018e-04
0.000000000000000000e+00
0.000000000000000000e+00
-7.565554350548646781e-06
0.000000000000000000e+00
0.000000000000000000e+00
5.499340629912120561e-05
0.000000000000000000e+00
0.000000000000000000e+00
1.833870731301911840e-05
0.000000000000000000e+00
0.000000000000000000e+00
0.000000000000000000e+00
0.000000000000000000e+00
0.000000000000000000e+00
-4.983009629116815116e-04
0.000000000000000000e+00
0.000000000000000000e+00
-4.354493259105767086e-04
0.000000000000000000e+00
0.000000000000000000e+00
-4.290603376861951840e-04
0.000000000000000000e+00
0.000000000000000000e+00
-3.641071833462848932e-04
0.000000000000000000e+00
0.000000000000000000e+00
-3.571137986145557735e-04
0.000000000000000000e+00
0.000000000000000000e+00
-7.682690582291216378e-04
0.000000000000000000e+00
0.000000000000000000e+00
-7.617378995300449216e-04
0.000000000000000000e+00
0.000000000000000000e+00
-6.978180901984501689e-04
0.000000000000000000e+00
0.000000000000000000e+00
-6.906039086882171480e-04
0.000000000000000000e+00
0.000000000000000000e+00
-6.261505558112663832e-04
0.000000000000000000e+00
0.000000000000000000e+00
-1.156169713795566134e-03
0.000000000000000000e+00
0.000000000000000000e+00
-1.092586417717765750e-03
0.000000000000000000e+00
0.000000000000000000e+00
-1.085408652323622365e-03
0.000000000000000000e+00
0.000000000000000000e+00
-1.021510520144821308e-03
0.000000000000000000e+00
0.000000000000000000e+00
-1.014040094269565585e-03
0.000000000000000000e+00
0.000000000000000000e+00
-1.539007485428181814e-03
0.000000000000000000e+00
0.000000000000000000e+00
-1.531657210421162769e-03
0.000000000000000000e+00
0.000000000000000000e+00
-1.468136307315308928e-03
0.000000000000000000e+00
0.000000000000000000e+00
-1.460621807011149150e-03
0.000000000000000000e+00
0.000000000000000000e+00
-1.396973743190723944e-03
0.000000000000000000e+00
0.000000000000000000e+00
-2.020690379457022994e-03
0.000000000000000000e+00
0.000000000000000000e+00
-1.957371458460946574e-03
0.000000000000000000e+00
0.000000000000000000e+00
-1.949771401471206422e-03
0.000000000000000000e+00
0.000000000000000000e+00
-1.886404330904112000e-03
0.000000000000000000e+00
0.000000000000000000e+00
-1.878723605410363012e-03
0.000000000000000000e+00
0.000000000000000000e+00
-2.481457540075909188e-03
0.000000000000000000e+00
0.000000000000000000e+00
-2.473730109371438061e-03
0.000000000000000000e+00
0.000000000000000000e+00
-2.410558881481962654e-03
0.000000000000000000e+00
0.000000000000000000e+00
-2.402794015609288798e-03
0.000000000000000000e+00
0.000000000000000000e+00
-2.339611525362662783e-03
0.000000000000000000e+00
0.000000000000000000e+00
-3.025608093149855828e-03
0.000000000000000000e+00
0.000000000000000000e+00
-2.962577890149877512e-03
0.000000000000000000e+00
0.000000000000000000e+00
-2.954724517298383535e-03
0.000000000000000000e+00
0.000000000000000000e+00
-2.891701510285158306e-03
0.000000000000000000e+00
0.000000000000000000e+00
-2.883836137493040689e-03
0.000000000000000000e+00
0.000000000000000000e+00
-3.536450596453162478e-03
0.000000000000000000e+00
0.000000000000000000e+00
-3.528511031616145266e-03
0.000000000000000000e+00
0.000000000000000000e+00
-3.465606246414729315e-03
0.000000000000000000e+00
0.000000000000000000e+00
-3.457670369060055014e-03
0.000000000000000000e+00
0.000000000000000000e+00
-3.394781598594119078e-03
0.000000000000000000e+00
0.000000000000000000e+00
-4.118984091853859601e-03
0.000000000000000000e+00
0.000000000000000000e+00
-4.056172211546444674e-03
0.000000000000000000e+00
0.000000000000000000e+00
-4.048173732333411323e-03
0.000000000000000000e+00
0.000000000000000000e+00
-3.985382479943274346e-03
0.000000000000000000e+00
0.000000000000000000e+00
-3.977396541671571542e-03
0.000000000000000000e+00
0.000000000000000000e+00
-4.659043571465506725e-03
0.000000000000000000e+00
0.000000000000000000e+00
-4.650997039474222099e-03
0.000000000000000000e+00
0.000000000000000000e+00
-4.588276399087800640e-03
0.000000000000000000e+00
0.000000000000000000e+00
-4.580248875396949679e-03
0.000000000000000000e+00
0.000000000000000000e+00
-4.517550757734103278e-03
0.000000000000000000e+00
0.000000000000000000e+00
-5.262553399373911221e-03
0.000000000000000000e+00
0.000000000000000000e+00
-5.199884949099062466e-03
0.000000000000000000e+00
0.000000000000000000e+00
-5.191820986097797803e-03
0.000000000000000000e+00
0.000000000000000000e+00
-5.129179883192129877e-03
0.000000000000000000e+00
0.000000000000000000e+00
-5.121138005686269937e-03
0.000000000000000000e+00
0.000000000000000000e+00
-5.817342859600433888e-03
0.000000000000000000e+00
0.000000000000000000e+00
-5.809247646210964101e-03
0.000000000000000000e+00
0.000000000000000000e+00
-5.746635625215801811e-03
0.000000000000000000e+00
0.000000000000000000e+00
-5.738569421590224325e-03
0.000000000000000000e+00
0.000000000000000000e+00
-5.675984060983184018e-03
0.000000000000000000e+00
0.000000000000000000e+00
-6.430318351881098016e-03
0.000000000000000000e+00
0.000000000000000000e+00
-6.367715079213762640e-03
0.000000000000000000e+00
0.000000000000000000e+00
-6.359614708644062246e-03
0.000000000000000000e+00
0.000000000000000000e+00
-6.297045372699524267e-03
0.000000000000000000e+00
0.000000000000000000e+00
-6.288974441634671668e-03
0.000000000000000000e+00
0.000000000000000000e+00
-6.990804010302047178e-03
0.000000000000000000e+00
0.000000000000000000e+00
-6.982668057806354356e-03
0.000000000000000000e+00
0.000000000000000000e+00
-6.920085149846953720e-03
0.000000000000000000e+00
0.000000000000000000e+00
-6.911985921821008245e-03
0.000000000000000000e+00
0.000000000000000000e+00
-6.849437453059411055e-03
0.000000000000000000e+00
0.000000000000000000e+00
-7.606644434204765104e-03
0.000000000000000000e+00
0.000000000000000000e+00
-7.544038415696116724e-03
0.000000000000000000e+00
0.000000000000000000e+00
-7.535899030957148720e-03
0.000000000000000000e+00
0.000000000000000000e+00
-7.473332995987795775e-03
0.000000000000000000e+00
0.000000000000000000e+00
-7.465232549180486274e-03
0.000000000000000000e+00
0.000000000000000000e+00
-8.168289363008462284e-03
0.000000000000000000e+00
0.000000000000000000e+00
-8.160126926456073501e-03
0.000000000000000000e+00
0.000000000000000000e+00
-8.097526272920620855e-03
0.000000000000000000e+00
0.000000000000000000e+00
-8.089391887904723299e-03
0.000000000000000000e+00
0.000000000000000000e+00
-8.026830704784142928e-03
